3 0.236171236328125 0.9658893493253373 0.23857623876953124 0.9585048740629686 0.23857623876953124 0.7842312608695653 0.236171236328125 0.7753698905547226 0.2111592109375 0.7753698905547226 0.20971620947265626 0.7812774707646177 0.20971620947265626 0.961458664167916 0.236171236328125 0.9658893493253373
3 0.27513227490234377 0.9732738245877061 0.310726310546875 0.9673662443778112 0.3116883115234375 0.7798005757121439 0.26695526708984374 0.7798005757121439 0.26695526708984374 0.9673662443778112 0.27513227490234377 0.9732738245877061
3 0.12554112548828125 0.8462608515742129 0.12842712841796874 0.8669373823088456 0.12890812890625 0.8979521784107947 0.130832130859375 0.9038597586206897 0.1356421357421875 0.8994290734632683 0.1394901396484375 0.9053366536731634 0.13997114013671874 0.7783236806596702 0.1144781142578125 0.7753698905547226 0.11159211181640626 0.7798005757121439 0.1120731123046875 0.8152460569715143 0.12554112548828125 0.8462608515742129
3 0.1433381435546875 0.6468800224887556 0.1457431455078125 0.6232497031484259 0.14478114501953124 0.5213439460269864 0.12457912451171875 0.5213439460269864 0.12554112548828125 0.6468800224887556 0.1433381435546875 0.6468800224887556
3 0.36537037060546873 0.6502916506746627 0.41674603173828123 0.6502916506746627 0.41674603173828123 0.5105773808095952 0.36537037060546873 0.5105773808095952 0.36537037060546873 0.6502916506746627
3 0.25769841259765625 0.6494572053973013 0.30907407421875 0.6494572053973013 0.30907407421875 0.5105847646176912 0.25769841259765625 0.5105847646176912 0.25769841259765625 0.6494572053973013
3 0.4459956708984375 0.6535629730134933 0.470772005859375 0.6535629730134933 0.470772005859375 0.5118844332833583 0.4459956708984375 0.5118844332833583 0.4459956708984375 0.6535629730134933
3 0.5271596923828125 0.6529648305847077 0.5519360268554687 0.6529648305847077 0.5519360268554687 0.5118918170914543 0.5271596923828125 0.5118918170914543 0.5271596923828125 0.6529648305847077
3 0.20348725341796875 0.6523593043478261 0.22787397802734374 0.6523593043478261 0.22787397802734374 0.5130881019490254 0.20348725341796875 0.5130881019490254 0.20348725341796875 0.6523593043478261
3 0.35966810986328124 0.9738793523238382 0.408595478515625 0.9738793523238382 0.408595478515625 0.7699496866566716 0.35966810986328124 0.7699496866566716 0.35966810986328124 0.9738793523238382
3 0.43478114501953125 0.9719076971514242 0.4654689755859375 0.9719076971514242 0.4654689755859375 0.7692924677661169 0.43478114501953125 0.7692924677661169 0.43478114501953125 0.9719076971514242
3 0.5330663779296875 0.9653207451274363 0.5635377583007812 0.9653207451274363 0.5635377583007812 0.7712715067466267 0.5330663779296875 0.7712715067466267 0.5330663779296875 0.9653207451274363
3 0.5969215966796875 0.9747507196401799 0.6354016352539062 0.9629355592203898 0.6363636362304688 0.877275647676162 0.6339586337890625 0.791615736131934 0.6156806157226562 0.7783236806596702 0.5911495913085938 0.7798005757121439 0.591630591796875 0.9688431394302849 0.5969215966796875 0.9747507196401799
3 0.6873496875 0.9658893493253373 0.7056277055664063 0.9688431394302849 0.7075517075195312 0.9644124542728636 0.7085137084960937 0.9333976596701649 0.7056277055664063 0.8181998470764618 0.6950456948242187 0.804907791604198 0.689273689453125 0.8093384767616192 0.6868686870117188 0.8817063328335832 0.6873496875 0.9658893493253373
3 0.716690716796875 0.9732738245877061 0.7296777294921875 0.9673662443778112 0.7301587299804687 0.8329687976011995 0.7190957192382812 0.8167229520239879 0.7118807119140625 0.8241074272863569 0.7113997114257813 0.8418301679160419 0.7118807119140625 0.9688431394302849 0.716690716796875 0.9732738245877061
3 0.7878787880859375 0.9629355592203898 0.786916787109375 0.8255843223388306 0.775372775390625 0.8314919025487256 0.7700817700195313 0.8447839565217392 0.7647907646484375 0.920105604197901 0.7652717651367188 0.9644124542728636 0.7878787880859375 0.9629355592203898
3 0.8600288598632813 0.9644124542728636 0.8850408852539062 0.9644124542728636 0.8860028862304687 0.7827543658170915 0.8840788842773437 0.7753698905547226 0.857623857421875 0.7783236806596702 0.857623857421875 0.9585048740629686 0.8600288598632813 0.9644124542728636
3 0.9581529580078125 0.9673662443778112 0.9605579604492187 0.9333976596701649 0.9595959594726563 0.7798005757121439 0.9148629150390625 0.7798005757121439 0.9153439155273437 0.9673662443778112 0.9581529580078125 0.9673662443778112
3 0.9047258295898437 0.6534005142428786 0.9564285712890624 0.6534005142428786 0.9564285712890624 0.512046892053973 0.9047258295898437 0.512046892053973 0.9047258295898437 0.6534005142428786
3 0.8513347763671875 0.6533931304347826 0.8754280903320313 0.6533931304347826 0.8754280903320313 0.5116407451274363 0.8513347763671875 0.5116407451274363 0.8513347763671875 0.6533931304347826
3 0.0409090908203125 0.654042964017991 0.0926936025390625 0.654042964017991 0.0926936025390625 0.511197676161919 0.0409090908203125 0.511197676161919 0.0409090908203125 0.654042964017991
1 0.01924001904296875 0.0649833808095952 0.01635401611328125 0.07532164617691155 0.0187590185546875 0.07975233133433283 0.01731601708984375 0.09009059670164918 0.01731601708984375 0.1535970824587706 0.0187590185546875 0.15802776761619192 0.0168350166015625 0.19347324887556225 0.01731601708984375 0.2171035697151424 0.0187590185546875 0.22005735982008995 0.0187590185546875 0.2510721544227886 0.01731601708984375 0.25550283958020986 0.0187590185546875 0.267318 0.01731601708984375 0.2953790059970015 0.0187590185546875 0.298332796101949 0.01731601708984375 0.3101479565217391 0.01924001904296875 0.3145786416791604 0.01731601708984375 0.32491690704647674 0.0187590185546875 0.3293475922038981 0.01731601708984375 0.3337782773613193 0.0187590185546875 0.3455934377811094 0.01731601708984375 0.3485472263868066 0.01731601708984375 0.3736544422788606 0.01924001904296875 0.3766082323838081 0.01731601708984375 0.3810389175412294 0.01731601708984375 0.4194381889055472 0.0187590185546875 0.42386887406296847 0.01731601708984375 0.4401147196401799 0.0235690234375 0.44749919340329836 0.02982202978515625 0.4445454047976012 0.04040404052734375 0.44897608845577214 0.06108706103515625 0.4460222983508246 0.095719095703125 0.45045298350824586 0.15392015380859375 0.4460222983508246 0.5483405483398438 0.44897608845577214 0.5512265512695312 0.4401147196401799 0.5608465610351563 0.42977645427286354 0.5709475708007813 0.41057681859070466 0.5670995668945312 0.395807868065967 0.56661856640625 0.3839927076461769 0.5709475708007813 0.3721775472263868 0.5709475708007813 0.36183928185907044 0.5757575756835938 0.3323013823088456 0.5815295815429687 0.32787069715142425 0.5844155844726563 0.31753243178410795 0.5892255893554688 0.31310174662668666 0.5892255893554688 0.3012865862068966 0.59355459375 0.2865176356821589 0.5925925927734375 0.28208695052473765 0.6017316015625 0.2628873148425787 0.6002886000976563 0.25550283958020986 0.5959595961914063 0.2525490494752624 0.5940355942382812 0.22891873013493255 0.58970658984375 0.2185804647676162 0.5921115922851562 0.20824219940029987 0.5930735932617187 0.18904256371814093 0.6002886000976563 0.1742736131934033 0.6017316015625 0.14621260869565217 0.595478595703125 0.1373512383808096 0.59788359765625 0.12701297301349326 0.5964405966796875 0.12258228785607198 0.603655603515625 0.10633644227886056 0.6031746030273437 0.09895196701649175 0.6065416064453125 0.0930443868065967 0.6060606059570313 0.08713680659670164 0.6079846079101563 0.08270612143928036 0.6103896103515625 0.06350648575712144 0.5969215966796875 0.05759890554722639 0.07455507470703125 0.062029590704647676 0.03511303515625 0.060552695652173916 0.02212602197265625 0.05612201049475262 0.0206830205078125 0.05612201049475262 0.0187590185546875 0.059075800599700155 0.01924001904296875 0.0649833808095952
1 0.783068783203125 0.059075800599700155 0.7739297739257812 0.06350648575712144 0.7734487734375 0.08418301649175412 0.7797017797851562 0.08565991154422788 0.7816257817382812 0.0930443868065967 0.7946127944335938 0.09599817691154422 0.7926887924804688 0.09895196701649175 0.7946127944335938 0.10781333733133433 0.7922077919921875 0.11372091754122937 0.7946127944335938 0.12258228785607198 0.7907647905273437 0.12701297301349326 0.7917267915039062 0.13439744827586206 0.7994227993164063 0.13439744827586206 0.7999037998046875 0.12996676311844077 0.8047138046875 0.13439744827586206 0.8032708032226562 0.13882813343328337 0.8051948051757812 0.14178192353823088 0.8032708032226562 0.14621260869565217 0.8047138046875 0.14916639730134934 0.8037518037109375 0.1535970824587706 0.806637806640625 0.15802776761619192 0.8056758056640625 0.1654122428785607 0.8032708032226562 0.17279671814092953 0.797017796875 0.17131982308845575 0.7926887924804688 0.17722740329835082 0.797017796875 0.18018119340329836 0.7946127944335938 0.1860887736131934 0.8056758056640625 0.1860887736131934 0.8071188071289063 0.18904256371814093 0.8061568061523438 0.19347324887556225 0.8100048100585937 0.19642703898050973 0.8042328041992187 0.20824219940029987 0.80086580078125 0.20824219940029987 0.7965367963867187 0.20085772413793104 0.7984607983398437 0.19347324887556225 0.7936507934570313 0.19199635382308844 0.7907647905273437 0.19642703898050973 0.7955747954101563 0.2141497796101949 0.7854737856445313 0.22301114992503748 0.783068783203125 0.22891873013493255 0.783068783203125 0.23630320539730135 0.7859547861328126 0.24368768065967017 0.786916787109375 0.2584566296851574 0.7946127944335938 0.2643642098950525 0.7965367963867187 0.2717486851574213 0.8037518037109375 0.2717486851574213 0.806637806640625 0.27765626536731636 0.8071188071289063 0.2879945307346327 0.7984607983398437 0.2909483208395802 0.8051948051757812 0.3071941664167916 0.8080808081054688 0.32196311694152924 0.8075998076171875 0.3337782773613193 0.8119288120117187 0.3455934377811094 0.8138528139648438 0.364793071964018 0.8172198173828125 0.3721775472263868 0.8239538237304688 0.37513133733133436 0.8253968251953125 0.3839927076461769 0.8249158247070313 0.4031923433283358 0.822029822265625 0.4194381889055472 0.8114478115234375 0.4223919790104948 0.8080808081054688 0.4342071394302848 0.8023088022460938 0.4356840344827586 0.8138528139648438 0.45045298350824586 0.9788359790039063 0.45045298350824586 0.9826839829101562 0.4401147196401799 0.9807599809570312 0.42534576911544225 0.97258297265625 0.4194381889055472 0.9788359790039063 0.41205371364317844 0.9773929775390625 0.40762302848575716 0.9807599809570312 0.4046692383808096 0.9807599809570312 0.3263938020989505 0.9793169794921875 0.3145786416791604 0.9807599809570312 0.3101479565217391 0.9797979799804688 0.298332796101949 0.9812409814453125 0.2791331604197901 0.98027898046875 0.22744183508245874 0.9817219819335937 0.2171035697151424 0.9817219819335937 0.12258228785607198 0.98027898046875 0.11815160269865067 0.9812409814453125 0.10633644227886056 0.9797979799804688 0.07975233133433283 0.9812409814453125 0.07532164617691155 0.9788359790039063 0.059075800599700155 0.9735449736328124 0.05759890554722639 0.9692159692382812 0.05759890554722639 0.911976912109375 0.062029590704647676 0.783068783203125 0.059075800599700155
1 0.0235690234375 0.7487857796101949 0.6214526215820313 0.7502626746626687 0.6354016352539062 0.7089096146926537 0.63684463671875 0.6941406641679161 0.603655603515625 0.6897099790104948 0.5901875903320313 0.7030020344827587 0.5738335737304687 0.6616489730134932 0.5680615678710937 0.6557413928035982 0.02116402099609375 0.657218287856072 0.0187590185546875 0.6646027631184408 0.0168350166015625 0.7399244107946027 0.0235690234375 0.7487857796101949
0 0.6765271767578125 0.9725220854572714 0.67326503125 0.9544951049475262 0.6752222221679688 0.8423190194902548 0.6660889848632813 0.8463243583208395 0.6380360751953125 0.8262932308845576 0.6249884560546874 0.7541808785607197 0.013047619140625 0.7521782083958021 0.01239538232421875 0.7181239625187406 0.0039143818359375 0.7201281094452774 0.00587157275390625 0.8583433298350824 0.02022414599609375 0.8603474767616192 0.0352289560546875 0.838312203898051 0.05741029345703125 0.7822241604197901 0.103729677734375 0.8182810764617692 0.12721596923828124 0.880378604197901 0.13700144287109375 0.9595017781109446 0.6765271767578125 0.9725220854572714
0 0.991630591796875 0.9645099295352324 0.9903261181640625 0.764197179910045 0.8246190478515625 0.760190364317841 0.8096142377929687 0.7962472788605698 0.794609427734375 0.8222878920539729 0.7782996630859375 0.8343068635682158 0.7678614716796875 0.8683596326836581 0.766556517578125 0.9534922923538232 0.991630591796875 0.9645099295352324
0 0.9896734008789062 0.46172316941529234 0.8128763828125 0.45371101499250377 0.7952616640625 0.4937732698650675 0.7972188549804687 0.5738992548725637 0.8063520922851563 0.6199709955022489 0.8278811928710937 0.6520210944527737 0.9798879267578126 0.6460116086956522 0.98380230859375 0.7521782083958021 0.991630591796875 0.7491727271364318 0.9896734008789062 0.46172316941529234
0 0.5754069262695313 0.6420047931034483 0.5773641171875 0.5258233688155921 0.5499634438476563 0.45771635382308845 0.00717652734375 0.45571368365817094 0.00717652734375 0.6279831514242878 0.013047619140625 0.6239763343328335 0.02022414599609375 0.6490156131934033 0.5754069262695313 0.6420047931034483
2 0.6695526694335937 0 0.6637806635742187 0.010338265367316342 0.6604136606445312 0.010338265367316342 0.6584896586914063 0.0029537901049475263 0.6565656567382813 0.0029537901049475263 0.6536796538085937 0.014768950524737631 0.6507936508789063 0.016245845577211395 0.6483886484375 0.011815160419790105 0.6416546416015625 0.013292055472263867 0.6402116401367187 0.00886137031484258 0.6435786435546875 0.00443068515742129 0.6382876381835938 0.005907580209895053 0.6373256372070313 0.025107215892053975 0.6339586337890625 0.03396858620689655 0.6339586337890625 0.05612201049475262 0.6277056279296875 0.06793717091454272 0.6281866284179688 0.07384475112443778 0.6243386245117187 0.07384475112443778 0.6257816259765625 0.06793717091454272 0.622895623046875 0.06350648575712144 0.619047619140625 0.0649833808095952 0.6161616162109375 0.060552695652173916 0.611351611328125 0.06793717091454272 0.6084656083984376 0.09895196701649175 0.6022126020507812 0.11224402248875563 0.6007696005859375 0.12848986806596702 0.6070226069335938 0.14916639730134934 0.6026936025390625 0.16393534782608696 0.6002886000976563 0.19347324887556225 0.595478595703125 0.2023346191904048 0.5940355942382812 0.21267288455772113 0.5974025971679687 0.22153425487256373 0.5964405966796875 0.22301114992503748 0.5993265991210938 0.22596494002998502 0.6012506010742188 0.24959525937031485 0.6041366040039062 0.2599335247376312 0.6007696005859375 0.267318 0.5988455986328125 0.2791331604197901 0.5993265991210938 0.2865176356821589 0.5945165947265625 0.2909483208395802 0.5921115922851562 0.298332796101949 0.5921115922851562 0.3145786416791604 0.580086580078125 0.3308244872563718 0.5738335737304687 0.35445480659670164 0.5728715727539062 0.37070065217391307 0.5699855698242188 0.3795620224887556 0.5690235688476563 0.39137718290854573 0.5738335737304687 0.4090999235382309 0.5618085620117188 0.4415916146926537 0.5550745551757813 0.44749919340329836 0.5555555556640625 0.4666988290854573 0.5675805673828125 0.48294467466266866 0.5709475708007813 0.4977136251874063 0.5704665703125 0.5050981004497751 0.576238576171875 0.5080518905547227 0.5767195766601563 0.5139594707646177 0.580086580078125 0.518390155922039 0.5834535834960938 0.5198670509745128 0.5863395864257812 0.5139594707646177 0.5925925927734375 0.5139594707646177 0.5949975952148437 0.518390155922039 0.5940355942382812 0.5331591064467766 0.591630591796875 0.5420204767616191 0.59355459375 0.5538356356821589 0.5925925927734375 0.559743215892054 0.5945165947265625 0.5641739010494753 0.59355459375 0.596665592203898 0.5892255893554688 0.6040500674662669 0.5930735932617187 0.6114345427286357 0.58970658984375 0.6143883328335832 0.5848965849609375 0.6084807526236881 0.5848965849609375 0.6040500674662669 0.5796055795898437 0.6114345427286357 0.5796055795898437 0.6424493388305847 0.5776815776367188 0.6498338125937031 0.578162578125 0.6631258680659671 0.5752765751953125 0.6734641334332834 0.5752765751953125 0.6838023988005997 0.591630591796875 0.6956175592203898 0.59355459375 0.688233083958021 0.5993265991210938 0.6808486086956521 0.6195286196289063 0.6793717136431784 0.6238576240234375 0.6867561889055472 0.6315536313476563 0.6719872383808095 0.6382876381835938 0.6719872383808095 0.638768638671875 0.6852792938530735 0.6411736411132812 0.688233083958021 0.6411736411132812 0.6926637691154423 0.6334776333007812 0.7236785652173913 0.62914862890625 0.7369706206896551 0.626743626953125 0.738447515742129 0.6281866284179688 0.7443550944527736 0.626743626953125 0.7487857796101949 0.6320346318359376 0.7487857796101949 0.6344396342773437 0.7532164647676162 0.6305916303710938 0.76650852023988 0.6253006254882812 0.7724161004497752 0.6305916303710938 0.7679854152923538 0.6320346318359376 0.7724161004497752 0.62866762890625 0.7798005757121439 0.6430976430664063 0.7812774707646177 0.6455026455078124 0.7857081559220389 0.64454064453125 0.7945695262368816 0.6483886484375 0.8108153718140929 0.6459836459960937 0.8181998470764618 0.6421356420898438 0.8196767421289355 0.6479076479492187 0.8270612173913042 0.6618566616210938 0.8285381124437781 0.6647426645507812 0.822630532233883 0.6652236650390625 0.8152460569715143 0.6637806635742187 0.8108153718140929 0.66810966796875 0.797523316341829 0.6782106782226562 0.8004771064467766 0.6796536796875 0.822630532233883 0.6782106782226562 0.8418301679160419 0.6801346801757813 0.8698911724137931 0.6782106782226562 0.889090808095952 0.6791726791992188 0.9097673388305846 0.677729677734375 0.920105604197901 0.6782106782226562 0.9319207646176911 0.6767676767578125 0.9363514497751124 0.677729677734375 0.949643503748126 0.673881673828125 0.9673662443778112 0.6868686870117188 0.9673662443778112 0.6873496875 0.8122922668665667 0.689273689453125 0.7945695262368816 0.693602693359375 0.7945695262368816 0.6940836938476562 0.7827543658170915 0.6916786918945312 0.7798005757121439 0.693602693359375 0.7679854152923538 0.693121693359375 0.7561702548725637 0.6950456948242187 0.7502626746626687 0.6998556997070312 0.7487857796101949 0.7027417026367188 0.7502626746626687 0.7065897065429687 0.760600940029985 0.7065897065429687 0.7694623103448276 0.7017797016601562 0.7768467856071963 0.7041847041015625 0.7857081559220389 0.7017797016601562 0.7960464212893552 0.70707070703125 0.8019540014992503 0.7094757094726563 0.8137691619190405 0.7200577202148437 0.8122922668665667 0.7316017314453125 0.8270612173913042 0.747955748046875 0.822630532233883 0.7542087543945313 0.8344456926536732 0.7546897548828125 0.8713680674662668 0.74987975 0.8802294377811094 0.751803751953125 0.9585048740629686 0.7551707553710938 0.9673662443778112 0.7633477631835938 0.9688431394302849 0.765752765625 0.9511203988005996 0.7633477631835938 0.9156749190404798 0.7652717651367188 0.8920445982008995 0.7667147666015625 0.889090808095952 0.7671957670898437 0.8654604872563718 0.7700817700195313 0.8536453268365818 0.7700817700195313 0.8462608515742129 0.7729677729492187 0.8418301679160419 0.7787397788085938 0.8196767421289355 0.7922077919921875 0.8034308965517242 0.7955747954101563 0.791615736131934 0.7946127944335938 0.7857081559220389 0.802789802734375 0.7812774707646177 0.806637806640625 0.7709392053973013 0.8032708032226562 0.760600940029985 0.8032708032226562 0.7532164647676162 0.8114478115234375 0.7473088845577212 0.8124098125 0.738447515742129 0.8225108227539063 0.7207247751124438 0.8249158247070313 0.7089096146926537 0.8229918227539063 0.7044789295352324 0.8119288120117187 0.7030020344827587 0.8071188071289063 0.6911868740629685 0.8100048100585937 0.6734641334332834 0.8205868208007813 0.6705103433283358 0.81625781640625 0.6631258680659671 0.8177008178710937 0.6586951829085458 0.8075998076171875 0.6557413928035982 0.8071188071289063 0.6424493388305847 0.8119288120117187 0.6350648635682159 0.8037518037109375 0.6291572833583208 0.8047138046875 0.6247265982008995 0.814333814453125 0.6232497031484259 0.8152958154296875 0.6188190179910045 0.802789802734375 0.6202959130434782 0.7984607983398437 0.6129114377811095 0.7979797978515625 0.6291572833583208 0.795093794921875 0.6439262323838081 0.791245791015625 0.6394955487256372 0.791245791015625 0.6262034932533733 0.7888407890625 0.6232497031484259 0.7888407890625 0.615865227886057 0.7917267915039062 0.6070038575712144 0.7917267915039062 0.5833735367316342 0.795093794921875 0.5730352713643178 0.7946127944335938 0.5641739010494753 0.797017796875 0.559743215892054 0.797017796875 0.5405435817091454 0.7960557958984374 0.5331591064467766 0.7926887924804688 0.5272515262368815 0.7936507934570313 0.5154363658170915 0.7917267915039062 0.5095287856071964 0.7960557958984374 0.4977136251874063 0.7979797978515625 0.47408330434782614 0.797017796875 0.46817572413793107 0.7902837905273438 0.46522193403298345 0.7854737856445313 0.45488366866566715 0.7946127944335938 0.4312533493253373 0.7883597885742187 0.42682266416791603 0.7864357866210937 0.4223919790104948 0.7859547861328126 0.4135306086956521 0.7926887924804688 0.4179612938530735 0.8003848002929688 0.4135306086956521 0.8196248198242188 0.4135306086956521 0.822029822265625 0.4090999235382309 0.8215488217773438 0.3810389175412294 0.8205868208007813 0.3766082323838081 0.814333814453125 0.3721775472263868 0.8109668110351562 0.36183928185907044 0.8032708032226562 0.3337782773613193 0.8023088022460938 0.3086710614692654 0.7893217895507812 0.2865176356821589 0.7898027900390625 0.2747024752623688 0.7787397788085938 0.24368768065967017 0.7777777778320313 0.23039562518740628 0.775372775390625 0.22448804497751126 0.7768157768554688 0.2185804647676162 0.786916787109375 0.20824219940029987 0.7859547861328126 0.18904256371814093 0.7878787880859375 0.18461187856071964 0.7878787880859375 0.17722740329835082 0.786916787109375 0.1654122428785607 0.775372775390625 0.14621260869565217 0.7729677729492187 0.11815160269865067 0.7691197690429687 0.10042886206896552 0.7710437709960938 0.07532164617691155 0.767676767578125 0.060552695652173916 0.7594997592773437 0.0531682203898051 0.7354497353515626 0.05612201049475262 0.7258297255859375 0.04873753673163418 0.7282347280273438 0.044306851574212894 0.7426647426757812 0.044306851574212894 0.7412217412109375 0.03692237631184408 0.7359307358398437 0.03396858620689655 0.7335257333984375 0.04282995652173913 0.7277537275390625 0.04282995652173913 0.7263107260742188 0.039876166416791606 0.7291967290039062 0.03544548125937032 0.724386724609375 0.03396858620689655 0.72246272265625 0.044306851574212894 0.724386724609375 0.05169132533733133 0.71861471875 0.05612201049475262 0.6868686870117188 0.0531682203898051 0.6887926889648438 0.044306851574212894 0.6907166909179687 0.044306851574212894 0.68350168359375 0.04282995652173913 0.6825396826171874 0.039876166416791606 0.6844636845703125 0.03544548125937032 0.67580567578125 0.03249169115442279 0.6806156806640625 0.029537901049475263 0.681577681640625 0.022153425787106447 0.6830206831054687 0.025107215892053975 0.6825396826171874 0.029537901049475263 0.6868686870117188 0.029537901049475263 0.6863876865234375 0.02363032083958021 0.6878306879882813 0.020676530734632683 0.6863876865234375 0.016245845577211395 0.6883116884765625 0.013292055472263867 0.6878306879882813 0.00886137031484258 0.693121693359375 0.00443068515742129 0.6863876865234375 0.00886137031484258 0.68350168359375 0.00443068515742129 0.6782106782226562 0.005907580209895053 0.6839826840820312 0.00886137031484258 0.6801346801757813 0.011815160419790105 0.6767676767578125 0.010338265367316342 0.6767676767578125 0.00443068515742129 0.6705146704101562 0 0.6695526694335937 0