1 0.00533175355450237 0.3323029366306028 0.004739336492890996 0.6027820710973725 0.008293838862559242 0.6213292117465224 0.11552132701421801 0.6136012364760433 0.1178909952606635 0.5904173106646059 0.1178909952606635 0.47913446676970634 0.11552132701421801 0.47295208655332305 0.10272511848341233 0.47295208655332305 0.09774881516587677 0.452241112828439 0.09597156398104266 0.32921174652241114 0.009478672985781991 0.3276661514683153
1 0.0995260663507109 0.03863987635239567 0.10011848341232228 0.31993817619783615 0.09834123222748815 0.4312210200927357 0.10011848341232228 0.43894899536321486 0.09893364928909952 0.446676970633694 0.10248815165876778 0.4605873261205564 0.7109004739336493 0.45904173106646057 0.7239336492890995 0.45131375579598143 0.7292654028436019 0.45440494590417313 0.7286729857819905 0.4667697063369397 0.7304502369668247 0.4714064914992272 0.7286729857819905 0.482225656877898 0.731042654028436 0.5023183925811437 0.7286729857819905 0.5440494590417311 0.731042654028436 0.5486862442040186 0.7292654028436019 0.6058732612055642 0.7345971563981043 0.616692426584235 0.7529620853080569 0.6228748068006182 0.8412322274881516 0.615146831530139 0.8726303317535545 0.615146831530139 0.8815165876777251 0.6197836166924265 0.8927725118483413 0.616692426584235 0.8981042654028436 0.6043276661514683 0.8951421800947867 0.5904173106646059 0.8975118483412322 0.5734157650695518 0.8915876777251185 0.5579598145285936 0.8909952606635071 0.5471406491499228 0.8927725118483413 0.5316846986089645 0.898696682464455 0.5285935085007728 0.9016587677725119 0.5208655332302936 0.9040284360189573 0.5285935085007728 0.9040284360189573 0.5224111282843895 0.8886255924170616 0.4884080370942813 0.8838862559241706 0.4868624420401855 0.8832938388625592 0.4775888717156105 0.8767772511848341 0.4714064914992272 0.8773696682464455 0.4652241112828439 0.8720379146919431 0.4574961360123648 0.8708530805687204 0.43894899536321486 0.8767772511848341 0.3987635239567233 0.8921800947867299 0.39258114374034003 0.8921800947867299 0.3848531684698609 0.8975118483412322 0.3786707882534776 0.8945497630331753 0.37248840803709427 0.8921800947867299 0.35239567233384855 0.8981042654028436 0.3323029366306028 0.8992890995260664 0.31375579598145287 0.9034360189573459 0.29984544049459044 0.9135071090047393 0.2828438948995363 0.9117298578199052 0.26275115919629055 0.9135071090047393 0.23183925811437403 0.9123222748815166 0.11591962905718702 0.9129146919431279 0.03245749613601236 0.9146919431279621 0.027820710973724884 0.9140995260663507 0.017001545595054096 0.9087677725118484 0.00927357032457496 0.33886255924170616 0.0077279752704791345 0.32701421800947866 0.013910355486862442 0.3187203791469194 0.00927357032457496 0.3033175355450237 0.013910355486862442 0.10308056872037914 0.00927357032457496 0.10011848341232228 0.017001545595054096
3 0.14511848341232228 0.4845208655332302 0.2056516587677725 0.4845208655332302 0.2056516587677725 0.6270401854714065 0.14511848341232228 0.6270401854714065
3 0.2428761848341232 0.4898840803709428 0.26720675355450235 0.4898840803709428 0.26720675355450235 0.6261282843894899 0.2428761848341232 0.6261282843894899
3 0.33845971563981037 0.4887557959814529 0.39319905213270145 0.4887557959814529 0.39319905213270145 0.6232998454404945 0.33845971563981037 0.6232998454404945
3 0.42926540284360193 0.4845208655332302 0.4580094786729858 0.4845208655332302 0.4580094786729858 0.6270401854714065 0.42926540284360193 0.6270401854714065
3 0.5244135071090048 0.48357805255023184 0.5829206161137441 0.48357805255023184 0.5829206161137441 0.6236553323029366 0.5244135071090048 0.6236553323029366
3 0.621297393364929 0.48761978361669245 0.6466409952606637 0.48761978361669245 0.6466409952606637 0.6299072642967541 0.621297393364929 0.6299072642967541
3 0.716824644549763 0.49304482225656876 0.7174170616113744 0.615146831530139 0.7251184834123223 0.6197836166924265 0.7280805687203792 0.616692426584235 0.7280805687203792 0.5038639876352395 0.7268957345971564 0.49613601236476046
3 0.5254739336492891 0.7650695517774343 0.5272511848341233 0.9536321483771252 0.5811611374407583 0.9567233384853169 0.5817535545023697 0.758887171561051 0.5325829383886256 0.7573415765069552
3 0.4218009478672986 0.758887171561051 0.4212085308056872 0.9598145285935085 0.4555687203791469 0.9659969088098919 0.4561611374407583 0.7619783616692427 0.4537914691943128 0.7557959814528593
3 0.33649289099526064 0.7604327666151468 0.33708530805687204 0.9629057187017002 0.3927725118483412 0.9659969088098919 0.3933649289099526 0.7604327666151468
3 0.610781990521327 0.7604327666151468 0.6101895734597157 0.9613601236476044 0.6208530805687204 0.9675425038639877 0.6457345971563981 0.9629057187017002 0.6463270142180095 0.7666151468315301 0.6427725118483413 0.7573415765069552
3 0.7138625592417062 0.7619783616692427 0.715047393364929 0.9629057187017002 0.7399289099526066 0.9629057187017002 0.740521327014218 0.758887171561051 0.7162322274881516 0.7557959814528593
3 0.23222748815165878 0.7604327666151468 0.23281990521327015 0.9629057187017002 0.2671800947867299 0.9629057187017002 0.2671800947867299 0.758887171561051
3 0.1481042654028436 0.7619783616692427 0.14869668246445497 0.9520865533230294 0.20260663507109006 0.955177743431221 0.20497630331753555 0.9119010819165378 0.2037914691943128 0.758887171561051 0.1735781990521327 0.7557959814528593
3 0.06279620853080568 0.7697063369397218 0.06516587677725119 0.9598145285935085 0.07227488151658767 0.9675425038639877 0.09182464454976304 0.9659969088098919 0.0924170616113744 0.768160741885626
3 0.9454976303317536 0.7604327666151468 0.9449052132701422 0.9536321483771252 0.9798578199052133 0.9659969088098919 0.9822274881516587 0.9520865533230294 0.9822274881516587 0.7712519319938176 0.955568720379147 0.7557959814528593
3 0.7778436018957346 0.7604327666151468 0.7766587677725119 0.884080370942813 0.7790284360189573 0.9582689335394127 0.8465639810426541 0.9675425038639877 0.865521327014218 0.955177743431221 0.8649289099526066 0.7557959814528593
0 0.05210722748815166 0.9544760432766616 0.05358056872037915 0.8462890262751159 0.03310248815165877 0.8227928902627512 0.02327310426540284 0.8249289026275116 0.02327310426540284 0.6198825347758887 0.11825118483412322 0.6155548686244204 0.11956457345971563 0.4710448222565688 0.7269614928909953 0.4734899536321484 0.7274324644549762 0.6273570324574961 0.8950947867298579 0.6246553323029366 0.8950947867298579 0.6696491499227202 0.9814377962085308 0.6706166924265843 0.9570829383886256 0.753047913446677 0.9847286729857819 0.7753740340030911 0.9794626777251185 0.8268933539412674 0.9978933649289099 0.8320448222565687 0.9959188388625593 0.9574095826893353