0 0.0596094395280236 0.9780232558139536 0.0584330383480826 0.9053674418604651 0.040001179941002954 0.8321953488372092 0.005097935103244838 0.8208589147286821 0.004313864306784661 0.6868837209302326 0.10745427728613569 0.6879147286821705 0.10706194690265487 0.4900418604651163 0.8778094395280236 0.4916697674418605 0.8788530973451327 0.6452744186046512 0.9727923303834809 0.6452744186046512 0.9733144542772861 0.9895116279069768
1 0.08790560471976401 0.15658914728682172 0.08731563421828908 0.462015503875969 0.09144542772861357 0.4883720930232558 0.10525073746312685 0.4821705426356589 0.8654867256637168 0.4821705426356589 0.8672566371681416 0.4573643410852713 0.8743362831858407 0.42170542635658914 0.8837758112094395 0.40310077519379844 0.8932153392330383 0.3953488372093023 0.8896755162241888 0.35968992248062015 0.8943952802359882 0.3488372093023256 0.8985250737463126 0.31007751937984496 0.8991150442477877 0.043410852713178294 0.8955752212389381 0.024806201550387597 0.09026548672566372 0.024806201550387597 0.08849557522123894 0.02945736434108527
2 0.9327433628318584 0.08992248062015504 0.9392330383480826 0.11472868217054263 0.9345132743362832 0.13643410852713178 0.9345132743362832 0.15193798449612403 0.9303834808259587 0.17519379844961241 0.9327433628318584 0.1875968992248062 0.9315634218289085 0.21550387596899226 0.9368731563421829 0.22015503875968992 0.9374631268436578 0.23875968992248062 0.9327433628318584 0.25116279069767444 0.9333333333333333 0.262015503875969 0.9227138643067847 0.2775193798449612 0.9227138643067847 0.2961240310077519 0.9156342182890855 0.31007751937984496 0.9150442477876106 0.33488372093023255 0.9109144542772861 0.3364341085271318 0.9038348082595871 0.324031007751938 0.9014749262536873 0.3364341085271318 0.9050147492625369 0.3457364341085271 0.9050147492625369 0.3627906976744186 0.9020648967551622 0.3689922480620155 0.903244837758112 0.3767441860465116 0.8997050147492626 0.3953488372093023 0.8884955752212389 0.41550387596899224 0.8843657817109144 0.43410852713178294 0.8867256637168142 0.4511627906976744 0.8873156342182891 0.4868217054263566 0.8908554572271387 0.5054263565891473 0.896165191740413 0.5085271317829457 0.8997050147492626 0.5209302325581395 0.9056047197640118 0.5193798449612403 0.9079646017699115 0.5286821705426357 0.911504424778761 0.524031007751938 0.9138643067846608 0.5348837209302325 0.9109144542772861 0.5550387596899224 0.9203539823008849 0.5658914728682171 0.9209439528023599 0.5813953488372093 0.9174041297935103 0.5937984496124031 0.9126843657817109 0.5953488372093023 0.912094395280236 0.6015503875968993 0.9067846607669616 0.5984496124031008 0.8985250737463126 0.6031007751937985 0.9002949852507375 0.6108527131782946 0.903244837758112 0.6062015503875969 0.9050147492625369 0.6093023255813953 0.903244837758112 0.6186046511627907 0.9061946902654867 0.6294573643410852 0.9008849557522124 0.6356589147286822 0.8997050147492626 0.6434108527131783 0.911504424778761 0.662015503875969 0.91976401179941 0.6589147286821705 0.9274336283185841 0.6666666666666666 0.9351032448377581 0.6573643410852713 0.9415929203539823 0.6635658914728683 0.9657817109144543 0.6604651162790698 0.9693215339233038 0.6496124031007752 0.9705014749262537 0.6542635658914728 0.9716814159292035 0.6372093023255814 0.9946902654867257 0.6356589147286822 0.9952802359882006 0.6465116279069767 0.991740412979351 0.6511627906976745 0.9905604719764012 0.6651162790697674 0.9858407079646018 0.6759689922480621 0.984070796460177 0.7007751937984497 0.9858407079646018 0.7069767441860465 0.9935103244837759 0.7007751937984497 0.9994100294985251 0.7054263565891473 0.9994100294985251 0.5984496124031008 0.9946902654867257 0.5953488372093023 0.9964601769911504 0.5891472868217055 0.9958702064896755 0.5767441860465117 0.9994100294985251 0.5674418604651162 0.9994100294985251 0 0.9693215339233038 0 0.9657817109144543 0.009302325581395349 0.9669616519174041 0.021705426356589147 0.95929203539823 0.03875968992248062 0.9551622418879055 0.023255813953488372 0.9474926253687316 0.024806201550387597 0.9433628318584071 0.05891472868217054
3 0.13460766961651918 0.4914573643410852 0.1953156342182891 0.4914573643410852 0.1953156342182891 0.6435193798449612 0.13460766961651918 0.6435193798449612
3 0.22896755162241886 0.4926589147286822 0.2887669616519174 0.4926589147286822 0.2887669616519174 0.6411395348837209 0.22896755162241886 0.6411395348837209
3 0.32264601769911505 0.4920542635658915 0.38289970501474935 0.4920542635658915 0.38289970501474935 0.6453100775193799 0.32264601769911505 0.6453100775193799
3 0.511589970501475 0.49206201550387596 0.5709351032448378 0.49206201550387596 0.5709351032448378 0.6417364341085271 0.511589970501475 0.6417364341085271
3 0.6050383480825958 0.48965891472868217 0.6655221238938053 0.48965891472868217 0.6655221238938053 0.6435193798449612 0.6050383480825958 0.6435193798449612
3 0.6987168141592921 0.4902713178294573 0.7596548672566372 0.4902713178294573 0.7596548672566372 0.6435271317829457 0.6987168141592921 0.6435271317829457
3 0.7930766961651917 0.49265116279069765 0.8533303834808259 0.49265116279069765 0.8533303834808259 0.644124031007752 0.7930766961651917 0.644124031007752
3 0.6987168141592921 0.7707984496124032 0.7596548672566372 0.7707984496124032 0.7596548672566372 0.9903798449612404 0.6987168141592921 0.9903798449612404
3 0.6050412979351032 0.7707984496124032 0.6652949852507375 0.7707984496124032 0.6652949852507375 0.985015503875969 0.6050412979351032 0.985015503875969
3 0.7935368731563422 0.7701937984496123 0.8531061946902654 0.7701937984496123 0.8531061946902654 0.9826124031007751 0.7935368731563422 0.9826124031007751
3 0.5106843657817108 0.7695968992248062 0.5713923303834808 0.7695968992248062 0.5713923303834808 0.9784341085271319 0.5106843657817108 0.9784341085271319
3 0.4167728613569322 0.7701937984496123 0.4772566371681416 0.7701937984496123 0.4772566371681416 0.9867984496124032 0.4167728613569322 0.9867984496124032
3 0.4170029498525074 0.4914573643410853 0.47680235988200587 0.4914573643410853 0.47680235988200587 0.6471162790697674 0.4170029498525074 0.6471162790697674
3 0.22828318584070798 0.7707984496124032 0.28899115044247786 0.7707984496124032 0.28899115044247786 0.9879922480620155 0.22828318584070798 0.9879922480620155
3 0.32218584070796463 0.7719922480620155 0.3831238938053097 0.7719922480620155 0.3831238938053097 0.9850000000000001 0.32218584070796463 0.9850000000000001
3 0.06616519174041298 0.7701937984496124 0.10482005899705014 0.7701937984496124 0.10482005899705014 0.9873875968992248 0.06616519174041298 0.9873875968992248
3 0.13392035398230087 0.770201550387597 0.194858407079646 0.770201550387597 0.194858407079646 0.9754418604651164 0.13392035398230087 0.9754418604651164
3 0.8869823008849557 0.7707906976744185 0.9470117994100294 0.7707906976744185 0.9470117994100294 0.977829457364341 0.8869823008849557 0.977829457364341
1 0.879646017699115 0.49767441860465117 0.879646017699115 0.6341085271317829 0.896165191740413 0.6372093023255814 0.9008849557522124 0.6263565891472869 0.8973451327433628 0.6155038759689923 0.8973451327433628 0.5953488372093023 0.9162241887905604 0.5922480620155038 0.91976401179941 0.5751937984496124 0.9174041297935103 0.5627906976744186 0.9097345132743363 0.5503875968992248 0.904424778761062 0.5271317829457365 0.8843657817109144 0.48992248062015503 0.8808259587020649 0.48992248062015503
2 0.002359882005899705 0.8155038759689922 0 0.8155038759689922 0 0.9984496124031008 0.05486725663716814 0.9953488372093023 0.05486725663716814 0.9767441860465116 0.06017699115044248 0.9720930232558139 0.05781710914454277 0.9658914728682171 0.061946902654867256 0.9147286821705426 0.06017699115044248 0.9069767441860465 0.05309734513274336 0.9069767441860465 0.047787610619469026 0.8992248062015504 0.049557522123893805 0.8697674418604651 0.03303834808259587 0.8294573643410853 0.00943952802359882 0.8248062015503876