0 0.47008547034764825 0 0.3333333333333333 0.1933534743202417 0.30879345603271985 0.23867069486404835 0.19325153374233128 0.40483383685800606 0.16462167689161555 0.45317220543806647 0.09304703476482618 0.5589123867069486 0.07975460122699386 0.5709969788519638 0.005112474437627812 0.6873111782477341 0 0.6934254063444109 0 1 0.911042944785276 1 0.9079754601226994 0.9909365558912386 0.9141104294478528 0.9818731117824774 0.9233128834355828 0.9803625377643505 0.9325153374233128 0.9697885196374623 0.9355828220858896 0.9773413897280967 0.941717791411043 0.9788519637462235 0.9396728016359919 0.9561933534743202 0.9458077709611452 0.9244712990936556 0.943762781186094 0.8549848942598187 0.950920245398773 0.8489425981873112 0.9631901840490797 0.8534743202416919 0.9856850715746421 0.850453172205438 0.9959100204498977 0.8678247734138973 0.9979550102249489 0.8851963746223565 1 0.8821752265861027 1 0.6860929728096677 0.9662576687116564 0.6314199395770392 0.8220858895705522 0.42749244712990936 0.8179959100204499 0.41389728096676737 0.6983640081799591 0.243202416918429 0.679959100204499 0.2084592145015106 0.5705521472392638 0.045317220543806644 0.5398773006134969 0.00906344410876133 0.5339614376278119 0 0.47008547034764825 0
3 0.7188139059304703 0.5589123867069486 0.7188139059304703 0.7688821752265861 0.8271983640081799 0.7688821752265861 0.8261758691206544 0.5709969788519638 0.8190184049079755 0.5604229607250756 0.7188139059304703 0.5589123867069486
3 0.647239263803681 0.3217522658610272 0.6431492842535788 0.29607250755287007 0.5439672801635992 0.2945619335347432 0.5378323108384458 0.30060422960725075 0.5408997955010225 0.5060422960725075 0.6421267893660532 0.5060422960725075 0.647239263803681 0.4984894259818731 0.647239263803681 0.3217522658610272
3 0.3588957055214724 0.5060422960725075 0.45296523517382414 0.5060422960725075 0.4652351738241309 0.4984894259818731 0.46421267893660534 0.2990936555891239 0.35787321063394684 0.297583081570997 0.3588957055214724 0.5060422960725075
3 0.6431492842535788 0.5619335347432024 0.6104294478527608 0.5589123867069486 0.5378323108384458 0.5634441087613293 0.5398773006134969 0.7673716012084593 0.6451942740286298 0.7673716012084593 0.6462167689161554 0.5694864048338368 0.6431492842535788 0.5619335347432024
3 0.9345158711656442 1 0.941717791411043 0.986404833836858 0.9427402862985685 0.8338368580060423 0.9049079754601227 0.8368580060422961 0.9058131349693253 1 0.9345158711656442 1
3 0.8219704468302659 1 0.8210633946830266 0.8338368580060423 0.7852760736196319 0.8368580060422961 0.7870571932515338 1 0.8219704468302659 1
3 0.7093353783231084 1 0.7093353783231084 0.8251208459214502 0.6571676891615542 0.8251208459214502 0.6571676891615542 1 0.7093353783231084 1
3 0.5873977505112474 1 0.5873977505112474 0.828700906344411 0.5376533742331289 0.828700906344411 0.5376533742331289 1 0.5873977505112474 1
3 0.4660633946830266 1 0.4660633946830266 0.8251208459214502 0.4157157464212679 0.8251208459214502 0.4157157464212679 1 0.4660633946830266 1
3 0.34473415132924334 1 0.34473415132924334 0.8304833836858005 0.2980265848670757 0.8304833836858005 0.2980265848670757 1 0.34473415132924334 1
3 0.4684969325153374 0.5562386706948641 0.35444785276073615 0.5562386706948641 0.35444785276073615 0.7708912386706949 0.4684969325153374 0.7708912386706949 0.4684969325153374 0.5562386706948641
3 0.2889314928425358 0.5544486404833837 0.17184560327198364 0.5544486404833837 0.17184560327198364 0.7726812688821753 0.2889314928425358 0.7726812688821753 0.2889314928425358 0.5544486404833837
3 0.22401329243353785 1 0.22401329243353785 0.8278021148036254 0.17244887525562372 0.8278021148036254 0.17244887525562372 1 0.22401329243353785 1
3 0.1014723926380368 1 0.1014723926380368 0.8295921450151058 0.055971370143149284 0.8295921450151058 0.055971370143149284 1 0.1014723926380368 1