0 0.9905081227436823 0.9984177215189873 0.9926931407942238 0.6875870253164557 0.8339205776173285 0.6926946202531645 0.833192238267148 0.6569430379746836 0.8368339350180505 0.6582199367088608 0.83610559566787 0.48073575949367087 0.16022924187725632 0.4845664556962025 0.16168592057761733 0.6543892405063292 0.16241425992779784 0.6607737341772152 0.16459927797833934 0.6926946202531645 0.00367057761732852 0.6901408227848101 0.007312274368231047 0.7016329113924051 0.005855595667870036 0.9978639240506328
1 0.13447653429602888 0.014240506329113924 0.13357400722021662 0.46835443037974683 0.13808664259927797 0.4889240506329114 0.8564981949458483 0.4873417721518987 0.8628158844765343 0.47468354430379744 0.8619133574007221 0.020569620253164556 0.8574007220216606 0.006329113924050633 0.13808664259927797 0.006329113924050633
3 0.2062725631768953 0.502120253164557 0.2566335740072202 0.502120253164557 0.2566335740072202 0.6511075949367089 0.2062725631768953 0.6511075949367089
3 0.31521660649819494 0.5029746835443037 0.36169675090252706 0.5029746835443037 0.36169675090252706 0.6502531645569621 0.31521660649819494 0.6502531645569621
3 0.42028880866425994 0.5029667721518988 0.4701624548736463 0.5029667721518988 0.4701624548736463 0.6494066455696201 0.42028880866425994 0.6494066455696201
3 0.5302030685920578 0.5038212025316456 0.5762048736462094 0.5038212025316456 0.5762048736462094 0.6494066455696202 0.5302030685920578 0.6494066455696202
3 0.6352842960288808 0.502128164556962 0.6837048736462095 0.502128164556962 0.6837048736462095 0.6528085443037974 0.6352842960288808 0.6528085443037974
3 0.7403564981949458 0.5012737341772152 0.789264440433213 0.5012737341772152 0.789264440433213 0.6528085443037974 0.7403564981949458 0.6528085443037974
3 0.5277842960288809 0.7763132911392405 0.576692238267148 0.7763132911392405 0.576692238267148 0.991503164556962 0.5277842960288809 0.991503164556962
3 0.4207806859205776 0.7763132911392404 0.46871389891696746 0.7763132911392404 0.46871389891696746 0.988117088607595 0.4207806859205776 0.988117088607595
3 0.2067554151624549 0.7763132911392404 0.3631543321299639 0.7763132911392404 0.3631543321299639 0.988117088607595 0.2067554151624549 0.988117088607595
3 0.02856949458483754 0.7788607594936708 0.08763989169675089 0.7788607594936708 0.08763989169675089 0.9855696202531644 0.02856949458483754 0.9855696202531644
3 0.6343140794223826 0.7805537974683545 0.7897472924187725 0.7805537974683545 0.7897472924187725 0.991503164556962 0.6343140794223826 0.991503164556962
3 0.9103158844765343 0.7780221518987342 0.9679332129963899 0.7780221518987342 0.9679332129963899 0.9932120253164558 0.9103158844765343 0.9932120253164558