0 1 0.6825699933333333 0.8367045889101338 0.6768383333333333 0.8382055449330784 0.47056833333333337 0.12526003824091778 0.47348833333333334 0.12763671128107076 0.679245 0 0.6823929433333333 0 1 0.4922842284894838 1 1 0.9936350650000001 1 0.6825699933333333
1 0.09898514531548756 0 0.09751434034416825 0.03333333333333333 0.0965583173996176 0.4583333333333333 0.10420650095602295 0.4683333333333333 0.8671128107074569 0.4683333333333333 0.8679994196940727 0 0.09898514531548756 0
3 0.517208413001912 0.4866666666666667 0.5162523900573613 0.6383333333333333 0.6175908221797323 0.645 0.6195028680688337 0.49333333333333335 0.6175908221797323 0.4866666666666667 0.517208413001912 0.4866666666666667
3 0.735640535372849 0.483225 0.6824091778202677 0.483225 0.6824091778202677 0.6459416666666666 0.735640535372849 0.6459416666666666 0.735640535372849 0.483225
3 0.45315009560229447 0.483225 0.3421271510516252 0.483225 0.3421271510516252 0.6466083333333333 0.45315009560229447 0.6466083333333333 0.45315009560229447 0.483225
3 0.28358030592734224 0.48123333333333335 0.2292112810707457 0.48123333333333335 0.2292112810707457 0.6466 0.28358030592734224 0.6466 0.28358030592734224 0.48123333333333335
3 0.283197896749522 0.7738666666666667 0.22959369024856596 0.7738666666666667 0.22959369024856596 0.9969 0.283197896749522 0.9969 0.283197896749522 0.7738666666666667
3 0.1208604206500956 0.7738666666666667 0.06193116634799235 0.7738666666666667 0.06193116634799235 0.9969 0.1208604206500956 0.9969 0.1208604206500956 0.7738666666666667
3 0.45201242829827915 0.7738666666666667 0.342519120458891 0.7738666666666667 0.342519120458891 0.9989 0.45201242829827915 0.9989 0.45201242829827915 0.7738666666666667
3 0.621199808795411 1 0.621199808795411 0.7731916666666667 0.5135994263862332 0.7731916666666667 0.5135994263862332 1 0.621199808795411 1
3 0.7345076481835564 0.7745249999999999 0.6827963671128108 0.7745249999999999 0.6827963671128108 0.9962416666666667 0.7345076481835564 0.9962416666666667 0.7345076481835564 0.7745249999999999
3 0.9040774378585086 0.7738666666666667 0.842480879541109 0.7738666666666667 0.842480879541109 0.9975666666666666 0.9040774378585086 0.9975666666666666 0.9040774378585086 0.7738666666666667