0 1 0.6955153349514563 0.8514612546125462 0.7002961165048543 0.8507167896678967 0.6637346278317152 0.854439114391144 0.6650404530744337 0.8536946494464944 0.4835355987055016 0.1628542435424354 0.48745307443365693 0.16434317343173432 0.6611229773462783 0.16508763837638377 0.6676521035598705 0.16732103321033212 0.7002961165048543 0.0028293357933579337 0.6976844660194175 0.006551660516605167 0.7094368932038835 0.005123570110701107 1 1 1 1 0.6955153349514563
1 0.13948339483394834 0 0.13653136531365315 0.006472491909385114 0.13560885608856088 0.470873786407767 0.14022140221402213 0.4919093851132686 0.8745387453874539 0.49029126213592233 0.8809963099630996 0.4773462783171521 0.8800738007380073 0.012944983818770227 0.8759737601476015 0 0.13948339483394834 0
3 0.2099169741697417 0.6577669902912622 0.2613929889298893 0.6577669902912622 0.2613929889298893 0.5054045307443366 0.2099169741697417 0.5054045307443366 0.2099169741697417 0.6577669902912622
3 0.3212730627306273 0.6568932038834951 0.3687822878228782 0.6568932038834951 0.3687822878228782 0.5062783171521036 0.3212730627306273 0.5062783171521036 0.3212730627306273 0.6568932038834951
3 0.4286715867158672 0.6560275080906149 0.479649446494465 0.6560275080906149 0.479649446494465 0.5062702265372169 0.4286715867158672 0.5062702265372169 0.4286715867158672 0.6560275080906149
3 0.541019372693727 0.6560275080906149 0.5880396678966789 0.6560275080906149 0.5880396678966789 0.5071440129449839 0.541019372693727 0.5071440129449839 0.541019372693727 0.6560275080906149
3 0.6484271217712176 0.6595064724919094 0.6979197416974169 0.6595064724919094 0.6979197416974169 0.5054126213592234 0.6484271217712176 0.5054126213592234 0.6484271217712176 0.6595064724919094
3 0.7558256457564576 0.6595064724919094 0.8058164206642067 0.6595064724919094 0.8058164206642067 0.5045388349514563 0.7558256457564576 0.5045388349514563 0.7558256457564576 0.6595064724919094
3 0.5885378228782288 1 0.5885378228782288 0.7858090614886731 0.5385470479704797 0.7858090614886731 0.5385470479704797 1 0.5885378228782288 1
3 0.47816881918819193 1 0.47816881918819193 0.7858090614886731 0.42917435424354244 0.7858090614886731 0.42917435424354244 1 0.47816881918819193 1
3 0.3702721402214022 1 0.3702721402214022 0.7858090614886731 0.21041051660516605 0.7858090614886731 0.21041051660516605 1 0.3702721402214022 1
3 0.028279520295202955 0.9998058252427184 0.08865774907749077 0.9998058252427184 0.08865774907749077 0.7884142394822007 0.028279520295202955 0.7884142394822007 0.028279520295202955 0.9998058252427184
3 0.806309963099631 1 0.806309963099631 0.7901456310679612 0.6474354243542436 0.7901456310679612 0.6474354243542436 1 0.806309963099631 1
3 0.9884409594095941 1 0.9884409594095941 0.7875566343042071 0.9295479704797048 0.7875566343042071 0.9295479704797048 1 0.9884409594095941 1