0 1 0.7007691016666666 0.8405286806883365 0.6951716666666666 0.8420296367112811 0.4889016666666667 0.12908413001912045 0.4918216666666667 0.13146080305927343 0.6975783333333334 0 0.7008205916666667 0 1 1 1 1 0.7007691016666666
1 0.10361817877629063 0 0.10133843212237094 0.051666666666666666 0.10038240917782026 0.4766666666666667 0.10803059273422562 0.4866666666666667 0.8709369024856597 0.4866666666666667 0.8718582179732314 0 0.10361817877629063 0
3 0.5210325047801148 0.505 0.5200764818355641 0.6566666666666666 0.621414913957935 0.6633333333333333 0.6233269598470363 0.5116666666666667 0.621414913957935 0.505 0.5210325047801148 0.505
3 0.7394646271510517 0.5015583333333333 0.6862332695984703 0.5015583333333333 0.6862332695984703 0.664275 0.7394646271510517 0.664275 0.7394646271510517 0.5015583333333333
3 0.4569741873804971 0.5015583333333333 0.3459512428298279 0.5015583333333333 0.3459512428298279 0.6649416666666667 0.4569741873804971 0.6649416666666667 0.4569741873804971 0.5015583333333333
3 0.28740439770554493 0.49956666666666666 0.23303537284894837 0.49956666666666666 0.23303537284894837 0.6649333333333333 0.28740439770554493 0.6649333333333333 0.28740439770554493 0.49956666666666666
3 0.2870219885277247 1 0.2870219885277247 0.7922 0.23341778202676863 0.7922 0.23341778202676863 1 0.2870219885277247 1
3 0.12468451242829827 1 0.12468451242829827 0.7922 0.06575525812619502 0.7922 0.06575525812619502 1 0.12468451242829827 1
3 0.45583652007648184 1 0.45583652007648184 0.7922 0.3463432122370937 0.7922 0.3463432122370937 1 0.45583652007648184 1
3 0.6250239005736138 1 0.6250239005736138 0.791525 0.517423518164436 0.791525 0.517423518164436 1 0.6250239005736138 1
3 0.738331739961759 1 0.738331739961759 0.7928583333333333 0.6866204588910134 0.7928583333333333 0.6866204588910134 1 0.738331739961759 1
3 0.9079015296367112 1 0.9079015296367112 0.7922 0.8463049713193117 0.7922 0.8463049713193117 1 0.9079015296367112 1