0 0.9948335641762451 1 0.9970344827586207 0.6871728187919464 0.828528735632184 0.6925889261744966 0.8277557471264368 0.6546778523489932 0.8316206896551724 0.6560318791946309 0.8308477011494253 0.46782718120805367 0.11353831417624521 0.4718892617449664 0.11508429118773945 0.6519697986577181 0.1158572796934866 0.658739932885906 0.11817624521072798 0.6925889261744966 0 0.6907151627516779 0 1 0.9948335641762451 1
1 0.08615349712643677 0 0.08524904214559387 0.4546979865771812 0.09003831417624521 0.47651006711409394 0.8524904214559387 0.4748322147651007 0.8591954022988506 0.46140939597315433 0.8582775977011494 0 0.08615349712643677 0
3 0.16240421455938697 0.6484899328859061 0.21585249042145593 0.6484899328859061 0.21585249042145593 0.49050335570469794 0.16240421455938697 0.49050335570469794 0.16240421455938697 0.6484899328859061
3 0.27802681992337164 0.6475838926174496 0.3273563218390805 0.6475838926174496 0.3273563218390805 0.49140939597315436 0.27802681992337164 0.49140939597315436 0.27802681992337164 0.6475838926174496
3 0.3895402298850575 0.6466862416107383 0.4424712643678161 0.6466862416107383 0.4424712643678161 0.4914010067114094 0.3895402298850575 0.4914010067114094 0.3895402298850575 0.6466862416107383
3 0.5061925287356323 0.6466862416107383 0.5550143678160919 0.6466862416107383 0.5550143678160919 0.4923070469798658 0.5061925287356323 0.4923070469798658 0.5061925287356323 0.6466862416107383
3 0.6177155172413793 0.6502936241610738 0.6691044061302681 0.6502936241610738 0.6691044061302681 0.490511744966443 0.6177155172413793 0.490511744966443 0.6177155172413793 0.6502936241610738
3 0.7292289272030652 0.6502936241610738 0.7811350574712643 0.6502936241610738 0.7811350574712643 0.4896057046979866 0.7292289272030652 0.4896057046979866 0.7292289272030652 0.6502936241610738
3 0.5555316091954023 1 0.5555316091954023 0.781258389261745 0.503625478927203 0.781258389261745 0.503625478927203 1 0.5555316091954023 1
3 0.440933908045977 1 0.440933908045977 0.781258389261745 0.3900622605363985 0.781258389261745 0.3900622605363985 1 0.440933908045977 1
3 0.32890325670498083 1 0.32890325670498083 0.781258389261745 0.16291666666666668 0.781258389261745 0.16291666666666668 1 0.32890325670498083 1
3 0.036499042145593866 1 0.036499042145593866 0.7839597315436242 0 0.7839597315436242 0 1 0.036499042145593866 1
3 0.781647509578544 1 0.781647509578544 0.785755033557047 0.6166858237547893 0.785755033557047 0.6166858237547893 1 0.781647509578544 1
3 0.970756704980843 1 0.970756704980843 0.7830704697986577 0.9096072796934865 0.7830704697986577 0.9096072796934865 1 0.970756704980843 1