0 0.008582506762849414 0.9861161695447409 0.0058999098286744815 0.6933626373626374 0.16574120829576194 0.6877598116169545 0.16432551848512172 0.49347095761381476 0.8367700631199279 0.49622135007849294 0.8345284039675382 0.6900266875981163 0.992917042380523 0.693927786499215 0.9921704238052299 0.9984301412872841
1 0.13615870153291254 0.015698587127158554 0.13706041478809738 0.4913657770800628 0.8566275924256087 0.4913657770800628 0.8638412984670875 0.48194662480376765 0.8629395852119026 0.08163265306122448 0.8602344454463481 0.02040816326530612 0.8566275924256087 0.0141287284144427
3 0.37060414788097384 0.5149136577708007 0.37240757439134353 0.6577708006279435 0.46798917944093776 0.6514913657770801 0.4670874661857529 0.5086342229199372 0.37240757439134353 0.5086342229199372
3 0.26106402164111814 0.505392464678179 0.31127141568981065 0.505392464678179 0.31127141568981065 0.6586577708006279 0.26106402164111814 0.6586577708006279
3 0.527506762849414 0.505392464678179 0.6322227231740306 0.505392464678179 0.6322227231740306 0.6592857142857143 0.527506762849414 0.6592857142857143
3 0.6874436429215509 0.5035164835164835 0.7387240757439133 0.5035164835164835 0.7387240757439133 0.6592778649921508 0.6874436429215509 0.6592778649921508
3 0.6878043282236249 0.7791522762951335 0.7383633904418394 0.7791522762951335 0.7383633904418394 0.9892307692307692 0.6878043282236249 0.9892307692307692
3 0.8409197475202885 0.7791522762951335 0.8965013525698828 0.7791522762951335 0.8965013525698828 0.9892307692307692 0.8409197475202885 0.9892307692307692
3 0.5285798016230839 0.7791522762951335 0.6318530207394049 0.7791522762951335 0.6318530207394049 0.9911145996860283 0.5285798016230839 0.9911145996860283
3 0.36900360685302075 0.7785164835164835 0.4704914337240757 0.7785164835164835 0.4704914337240757 0.9923469387755102 0.36900360685302075 0.9923469387755102
3 0.26213255184851214 0.7797723704866563 0.31090622182146077 0.7797723704866563 0.31090622182146077 0.9886106750392465 0.26213255184851214 0.9886106750392465
3 0.10219567177637512 0.7791522762951333 0.1602930568079351 0.7791522762951333 0.1602930568079351 0.9898587127158556 0.10219567177637512 0.9898587127158556