3 0.7619483287958115 0.9827141414790997 0.7903147659685864 0.9779629083601286 0.7903147659685864 0.7847460980707396 0.7887675057591623 0.7784111205787781 0.7619483287958115 0.7784111205787781 0.7593695617801047 0.7879135868167202 0.7593695617801047 0.974795419614148 0.7619483287958115 0.9827141414790997
3 0.7289401115183246 0.7831623536977492 0.6809750460732985 0.7831623536977492 0.6820065528795811 0.9842978858520901 0.7201723041884818 0.9906328633440514 0.7289401115183246 0.9842978858520901 0.7289401115183246 0.7831623536977492
3 0.8748983225130891 0.9161968794212219 0.8769613361256544 0.9098619019292605 0.8774770895287958 0.8766032700964631 0.880571609947644 0.8544308488745982 0.8950127047120419 0.8211722186495176 0.8955284581151832 0.7831623536977492 0.8924339382198953 0.7784111205787781 0.8650990078534031 0.7815786093247588 0.8656147612565446 0.9177806237942122 0.8697407884816754 0.9114456463022508 0.8748983225130891 0.9161968794212219
3 0.8816031167539268 0.5060070932475884 0.8599414738219896 0.5060070932475884 0.858909967539267 0.6152854533762058 0.8614887340314136 0.6406253617363344 0.880571609947644 0.6406253617363344 0.8816031167539268 0.5060070932475884
3 0.5683267680628272 0.6442838118971062 0.6234143879581152 0.6442838118971062 0.6234143879581152 0.4944615964630225 0.5683267680628272 0.4944615964630225 0.5683267680628272 0.6442838118971062
3 0.6837781654450262 0.6433889967845658 0.7388657858638743 0.6433889967845658 0.7388657858638743 0.4944695144694534 0.6837781654450262 0.4944695144694534 0.6837781654450262 0.6433889967845658
3 0.5103973465968586 0.6477918054662379 0.5369638041884817 0.6477918054662379 0.5369638041884817 0.49586321061093247 0.5103973465968586 0.49586321061093247 0.5103973465968586 0.6477918054662379
3 0.4233691188481675 0.6471503890675241 0.44993557591623035 0.6471503890675241 0.44993557591623035 0.4958711286173634 0.4233691188481675 0.4958711286173634 0.4233691188481675 0.6471503890675241
3 0.7708450748691099 0.6465010546623794 0.7969937722513089 0.6465010546623794 0.7969937722513089 0.49715396141479096 0.7708450748691099 0.49715396141479096 0.7708450748691099 0.6465010546623794
3 0.5770662094240837 0.9912821993569132 0.6295286445026178 0.9912821993569132 0.6295286445026178 0.7725987797427653 0.5770662094240837 0.7725987797427653 0.5770662094240837 0.9912821993569132
3 0.516083527748691 0.9891679003215433 0.5489885942408377 0.9891679003215433 0.5489885942408377 0.7718940128617363 0.516083527748691 0.7718940128617363 0.516083527748691 0.9891679003215433
3 0.4109291471204189 0.9821044003215433 0.4436021246073299 0.9821044003215433 0.4436021246073299 0.7740162299035369 0.4109291471204189 0.7740162299035369 0.4109291471204189 0.9821044003215433
3 0.37513328272251306 0.9922166077170418 0.38080656963350784 0.9858816302250805 0.3813223230366492 0.7831623536977492 0.35501889999999997 0.7815786093247588 0.3354202712041885 0.7958323086816721 0.3328415041884817 0.8876894807073956 0.3338730109947644 0.9795466527331189 0.37513328272251306 0.9922166077170418
3 0.25857301518324605 0.9858816302250805 0.27817164397905764 0.9827141414790997 0.27868739738219894 0.8924407138263666 0.27610863036649214 0.8148372411575562 0.26991959005235605 0.8100860080385852 0.25857301518324605 0.8243397073954983 0.25547849476439793 0.9478717668810289 0.2565100015706806 0.9811303971061093 0.25857301518324605 0.9858816302250805
3 0.24671068691099476 0.9906328633440514 0.2518682209424084 0.9858816302250805 0.2523839743455497 0.8496796173633441 0.2518682209424084 0.8306746848874599 0.24413191989528796 0.8227559630225081 0.23226959214659687 0.8401771511254019 0.2327853455497382 0.9842978858520901 0.24671068691099476 0.9906328633440514
3 0.19461959424083772 0.9811303971061093 0.19513534764397905 0.9336180675241157 0.1894620602094241 0.8528471045016077 0.18378877277486913 0.8385934067524116 0.17141069109947646 0.8322584292604502 0.1703791842931937 0.9795466527331189 0.19461959424083772 0.9811303971061093
3 0.09559494240837697 0.974795419614148 0.09559494240837697 0.7815786093247588 0.06722850523560209 0.7784111205787781 0.06516549162303664 0.7863298424437299 0.06619699842931938 0.9811303971061093 0.09301617539267017 0.9811303971061093 0.09559494240837697 0.974795419614148
3 0 0.9842978858520901 0.03370453455497382 0.9842978858520901 0.03422028795811518 0.7831623536977492 0 0.7831623536977492 0 0.9842978858520901
3 0 0.6476175932475885 0.04508979109947644 0.6476175932475885 0.04508979109947644 0.496037422829582 0 0.496037422829582 0 0.6476175932475885
3 0.07650433036649214 0.6476096752411575 0.10233841780104712 0.6476096752411575 0.10233841780104712 0.49560189228295826 0.07650433036649214 0.49560189228295826 0.07650433036649214 0.6476096752411575
3 0.9157924094240838 0.6483065225080387 0.971318419895288 0.6483065225080387 0.971318419895288 0.4951267684887459 0.9157924094240838 0.4951267684887459 0.9157924094240838 0.6483065225080387
1 0.360692187434555 0.015046344051446945 0.3632709544502618 0.03563502090032154 0.3653339680628272 0.040386254019292606 0.36481821465968584 0.04672123151125402 0.36842848848167536 0.053056209003215435 0.367912735078534 0.0609749308681672 0.37564903560209423 0.0783961189710611 0.3741017759162304 0.08314735209003216 0.37668054240837695 0.09423356270096463 0.3699757486910995 0.10373602893890675 0.37152300890052353 0.13382717041800643 0.37925930942408376 0.14966461414790996 0.3802908162303665 0.17025329099678457 0.3828695832460733 0.18133950160771706 0.3782278026178011 0.19242571221864951 0.3761647890052356 0.21776562057877816 0.37152300890052353 0.22093310932475882 0.3699757486910995 0.22885183118971064 0.3797750628272251 0.2494405080385852 0.3787435560209424 0.2541917411575563 0.38338533664921465 0.2700291848874598 0.38338533664921465 0.2826991398713826 0.38854287068062826 0.2874503729903537 0.39163739109947643 0.29853658360128615 0.39782643193717276 0.30328781672025723 0.4029839659685864 0.3349627025723473 0.4029839659685864 0.34604891318327974 0.40762574659685863 0.35871886816720255 0.4071099931937173 0.3713888231511254 0.4029839659685864 0.38722626688102896 0.41381478691099477 0.40781494372990357 0.424129854973822 0.41890115434083597 0.42722437539267016 0.42840361897106116 0.8501421596858639 0.4252361302250804 0.9125483204188481 0.4299873633440514 0.949682564921466 0.4252361302250804 0.9718599607329843 0.42840361897106116 0.9832065356020943 0.42365238745980704 0.989911329842932 0.42681987459807075 0.9966161240837696 0.41890115434083597 0.9950688638743456 0.40147996623794213 0.9966161240837696 0.39672873311897106 0.9966161240837696 0.3555513794212219 0.9945531104712041 0.3508001463022508 0.9966161240837696 0.3476326575562701 0.9966161240837696 0.32070900321543405 0.9950688638743456 0.3175415160771704 0.9966161240837696 0.3048715610932476 0.9950688638743456 0.3001203279742765 0.9966161240837696 0.29536909485530544 0.9945531104712041 0.284282884244373 0.9966161240837696 0.2795316511254019 0.9950688638743456 0.2668616961414791 0.9966161240837696 0.26369420739549837 0.9950688638743456 0.2336030643086817 0.9966161240837696 0.22093310932475882 0.9950688638743456 0.21618187620578777 0.9950688638743456 0.18292324598070742 0.9966161240837696 0.1797557572347267 0.997131877486911 0.154415847266881 0.9950688638743456 0.11640598231511254 0.9966161240837696 0.11165474919614148 0.9966161240837696 0.04355374276527331 0.9950688638743456 0.03246753215434083 0.9976476308900524 0.027716299035369773 0.9945531104712041 0.0166300884244373 0.9950688638743456 0.010295110932475884 0.9930058502617801 0.007127622186495176 0.991458590052356 0.007127622186495176 0.9775332481675393 0.011878855305466238 0.9352414696335078 0.013462599678456592 0.37513328272251306 0.00871136655948553 0.360692187434555 0.015046344051446945
1 0 0.4299873633440514 0.14252850104712042 0.4299873633440514 0.1549065827225131 0.41414992122186495 0.14871754188481676 0.41256617684887453 0.14510726806282723 0.3998962218649518 0.13376069319371728 0.39672873311897106 0.13066617329842933 0.37930754501607716 0.13015041989528794 0.35871886816720255 0.13169768010471203 0.34921640192926046 0.1389182272251309 0.34604891318327974 0.14252850104712042 0.338130191318328 0.14459151465968587 0.3175415160771704 0.14923329528795812 0.3048715610932476 0.14871754188481676 0.2922016061093248 0.15181206230366492 0.2763641623794212 0.15903260994764395 0.25894297427652735 0.14974904869109948 0.25577548553054663 0.15026480209424084 0.24468927491961415 0.153359322513089 0.23835429742765274 0.16109562356020943 0.23835429742765274 0.16315863717277487 0.23043557556270097 0.17141069109947646 0.22410059807073954 0.17244219790575915 0.20826315594855305 0.17553671832460732 0.20034443408360128 0.17553671832460732 0.19242571221864951 0.17295795130890054 0.1860907347266881 0.16212713036649215 0.17658826848874598 0.16728466439790576 0.15758333601286173 0.1641901439790576 0.15283210289389065 0.15903260994764395 0.154415847266881 0.16109562356020943 0.1623345691318328 0.15645384293193718 0.17025329099678457 0.15284356910994765 0.17025329099678457 0.1466545282722513 0.15758333601286173 0.1507805554973822 0.154415847266881 0.14974904869109948 0.14966461414790996 0.15129630890052356 0.14649712540192927 0.16315863717277487 0.14649712540192927 0.16057987015706807 0.14016214790996787 0.16522165078534032 0.13699465916398715 0.16057987015706807 0.1306596816720257 0.15387507591623037 0.13224342604501607 0.15129630890052356 0.1243247041800643 0.15026480209424084 0.11640598231511254 0.153359322513089 0.11165474919614148 0.15232781570680629 0.10690351607717043 0.15387507591623037 0.10373602893890675 0.15181206230366492 0.09898479581993569 0.15387507591623037 0.09581730707395499 0.15232781570680629 0.09106607395498392 0.1574853497382199 0.08631484083601286 0.15800110314136126 0.09106607395498392 0.166253157591623 0.09106607395498392 0.16728466439790576 0.08314735209003216 0.16315863717277487 0.0783961189710611 0.16573740418848168 0.06889365273311897 0.16315863717277487 0.06255867524115756 0.16522165078534032 0.053056209003215435 0.16315863717277487 0.04988872025723473 0.1770839785340314 0.04672123151125402 0.17914699214659685 0.038802509646302254 0.18585178638743458 0.0372187652733119 0.1853360329842932 0.015046344051446945 0.17553671832460732 0.010295110932475884 0.03731480837696335 0.013462599678456592 0 0.010573926045016077 0 0.4299873633440514
1 0.367912735078534 0.6865539485530547 0.33232575078534027 0.6913051816720257 0.3338730109947644 0.7071426254019293 0.3488298591623037 0.7514874662379422 0.989911329842932 0.7499037218649518 0.997131877486911 0.7404012572347267 0.9950688638743456 0.6596302942122186 0.9924900968586388 0.6517115723472668 0.40607848638743455 0.6501278279742765 0.39988944554973826 0.6564628054662379 0.3823538298429319 0.7008076479099679 0.367912735078534 0.6865539485530547
0 1 0.7535454887459807 0.3450385560209424 0.7556891414790997 0.3310482293193717 0.8330186254019292 0.3009684602094241 0.8544989501607716 0.29117533455497385 0.8502038360128616 0.29327393507853405 0.9704955546623795 0.2897760952879581 0.9898267379421222 0.8682832696335079 0.9758644469453377 0.8787757565445026 0.8910169276527331 0.9039589633507853 0.8244268135048233 0.9536249837696334 0.7857612781350483 0.9774089518324608 0.8459071382636655 0.9934978790575916 0.8695366028938907 1 0.8686285868167202 1 0.7535454887459807
0 0 0.978880458199357 0.1932420167539267 0.969420191318328 0.19184277801047123 0.8781284163987139 0.18065041361256542 0.8416120225080386 0.16316224712041882 0.8287235112540192 0.14707331989528794 0.8007989308681671 0.13098439267015707 0.7621333971061093 0 0.7653008971061093 0 0.978880458199357
0 0 0.6410978279742765 0.12748655340314136 0.6461383762057878 0.15057115968586388 0.6117695401929261 0.16036428534031416 0.5623646350482315 0.16246288586387433 0.47644175401929256 0.14357548062827227 0.4334811045016077 0 0.4399882942122186 0 0.6410978279742765
0 1 0.43565629099678455 0.4254842235602094 0.43777621864951766 0.39610381570680625 0.5108105900321543 0.39820241623036645 0.635397422829582 0.9934978790575916 0.6429154565916398 1 0.6202271848874599 1 0.43565629099678455
2 0.23588087434554975 0 0.2265963047120419 0.007127622186495176 0.20080863507853403 0.00396013344051447 0.19204082722513088 0.011878855305466238 0.18843055340314135 0.027716299035369773 0.1904935670157068 0.054639953376205794 0.1863675397905759 0.07364488585209003 0.18378877277486913 0.10373602893890675 0.17141069109947646 0.1243247041800643 0.1703791842931937 0.13699465916398715 0.1703791842931937 0.14491338102893891 0.17244219790575915 0.14966461414790996 0.17141069109947646 0.17025329099678457 0.18224151256544505 0.18133950160771706 0.18378877277486913 0.18767447909967847 0.1812100057591623 0.19400945659163987 0.1801784989528796 0.20826315594855305 0.16831617068062826 0.24152178617363343 0.16883192408376962 0.2541917411575563 0.1549065827225131 0.2779479067524116 0.15387507591623037 0.3048715610932476 0.1456230214659686 0.3349627025723473 0.14201274764397906 0.34604891318327974 0.13530795340314136 0.3508001463022508 0.13427644659685864 0.3555513794212219 0.13376069319371728 0.3856425225080386 0.13633946020942408 0.3903937556270097 0.15696959633507854 0.3903937556270097 0.16522165078534032 0.3951449887459807 0.17244219790575915 0.3903937556270097 0.1719264445026178 0.3998962218649518 0.16986343089005235 0.40464745498392285 0.16315863717277487 0.40939868810289387 0.17295795130890054 0.4347385964630225 0.16780041727748693 0.44582480707395494 0.16057987015706807 0.4489922958199357 0.15954836335078534 0.45532727331189715 0.1616113769633508 0.4806671832797428 0.166253157591623 0.4933371382636656 0.1641901439790576 0.49967211575562703 0.16522165078534032 0.5123420707395498 0.1616113769633508 0.5186770482315113 0.16057987015706807 0.5265957700964631 0.16057987015706807 0.5471844453376206 0.16315863717277487 0.5519356784565916 0.16264288376963348 0.5614381446945337 0.166253157591623 0.5725243553054662 0.166253157591623 0.5978642652733119 0.169347677486911 0.607366731511254 0.169347677486911 0.6152854533762058 0.1667689109947644 0.6184529421221865 0.1667689109947644 0.6327066414790996 0.16264288376963348 0.6374578729903537 0.15954836335078534 0.6216204308681672 0.15903260994764395 0.6041992427652734 0.15439082931937173 0.612117964630225 0.14098124083769634 0.6105342202572347 0.14201274764397906 0.6152854533762058 0.15232781570680629 0.6168691977491961 0.153359322513089 0.6216204308681672 0.14459151465968587 0.6279554083601286 0.14974904869109948 0.6358741302250804 0.14923329528795812 0.6501278279742765 0.13840247382198953 0.6532953167202573 0.13994973403141361 0.6580465498392283 0.13530795340314136 0.6659652717041801 0.1466545282722513 0.6691327604501608 0.14974904869109948 0.688137692926045 0.14459151465968587 0.7008076479099679 0.13272918691099475 0.7023913922829582 0.13066617329842933 0.7071426254019293 0.13324493979057592 0.7198125803858522 0.1440757612565445 0.7388175128617364 0.14510726806282723 0.7483199774919613 0.15387507591623037 0.7546549549839228 0.15387507591623037 0.7625736768488746 0.15026480209424084 0.7736598874598071 0.15439082931937173 0.7847460980707396 0.16315863717277487 0.7894973311897107 0.16212713036649215 0.7958323086816721 0.16573740418848168 0.8085022636655949 0.1801784989528796 0.8259234517684887 0.1863675397905759 0.8496796173633441 0.1894620602094241 0.8544308488745982 0.1894620602094241 0.8623495707395499 0.19255658062827224 0.8750195257234727 0.19307233403141363 0.9003594356913183 0.19461959424083772 0.903526924437299 0.19668260785340314 0.9288668344051447 0.19410384083769633 0.966876697749196 0.19668260785340314 0.9858816302250805 0.20545041518324608 0.9842978858520901 0.2090606890052356 0.974795419614148 0.21112370261780103 0.8908569694533761 0.20596616858638742 0.8813545032154341 0.2064819219895288 0.8417608954983923 0.21318671623036647 0.8290909405144695 0.2307223319371728 0.8338421736334404 0.24310041308900524 0.818004729903537 0.25444698795811516 0.8195884742765274 0.257025754973822 0.8069185192926045 0.262699042408377 0.8005835418006431 0.26012027539267013 0.7894973311897107 0.262699042408377 0.7799948649517685 0.2575415083769634 0.7720761430868167 0.2575415083769634 0.7625736768488746 0.2616675356020942 0.7514874662379422 0.26476205602094244 0.7499037218649518 0.26991959005235605 0.7514874662379422 0.27198260314136125 0.7578224437299036 0.2714668502617801 0.7704923987138264 0.27352986335078533 0.7831623536977492 0.2709510968586388 0.7863298424437299 0.2714668502617801 0.7989997974276527 0.27610863036649214 0.7989997974276527 0.27817164397905764 0.818004729903537 0.27868739738219894 0.9842978858520901 0.2926127392670157 0.9842978858520901 0.28848671204188486 0.9652929533762059 0.28951821884816753 0.9510392556270096 0.28797095863874345 0.9462880225080386 0.28848671204188486 0.9336180675241157 0.2869394518324607 0.9225318569131832 0.28797095863874345 0.9003594356913183 0.285907945026178 0.8797707588424437 0.28797095863874345 0.8496796173633441 0.28642369842931936 0.8290909405144695 0.28797095863874345 0.8053347749196141 0.29880178010471203 0.8021672861736334 0.3034435607329843 0.8164209855305467 0.3018963005235602 0.8211722186495176 0.30241205392670156 0.8290909405144695 0.30550657434554973 0.8354259180064308 0.320463422513089 0.8338421736334404 0.32665246335078535 0.8259234517684887 0.32252643612565446 0.8243397073954983 0.31994766910994765 0.8164209855305467 0.32407369633507854 0.7989997974276527 0.3230421895287958 0.7894973311897107 0.3256209565445026 0.7847460980707396 0.34109355811518327 0.7831623536977492 0.33748328481675394 0.7752436318327974 0.339030545026178 0.7704923987138264 0.3447038319371728 0.7752436318327974 0.339030545026178 0.768908654340836 0.33490451780104713 0.7546549549839228 0.33748328481675394 0.7499037218649518 0.34315657172774866 0.7499037218649518 0.34160931151832463 0.7451524887459807 0.34315657172774866 0.7388175128617364 0.3405778052356021 0.7372337684887459 0.3359360246073298 0.7229800691318328 0.32768397015706807 0.6897214372990353 0.32768397015706807 0.6849702041800643 0.3302627371727749 0.6818027154340837 0.33077849057591624 0.6675490160771704 0.3379990382198953 0.6675490160771704 0.3462510921465969 0.6833864598070739 0.3508928727748691 0.6754677379421222 0.37255451570680626 0.6770514823151125 0.3787435560209424 0.6849702041800643 0.38080656963350784 0.6928889260450162 0.3983421853403141 0.6802189710610933 0.3983421853403141 0.6691327604501608 0.39524766492146596 0.6580465498392283 0.3957634183246073 0.643792850482315 0.3937004047120419 0.6358741302250804 0.3937004047120419 0.602615498392283 0.3880271172774869 0.5946967765273311 0.3880271172774869 0.5994480096463022 0.3828695832460733 0.6057829871382636 0.37925930942408376 0.602615498392283 0.38338533664921465 0.5946967765273311 0.3787435560209424 0.5867780546623794 0.3777120492146597 0.5519356784565916 0.3797750628272251 0.5471844453376206 0.3787435560209424 0.5408494678456591 0.38080656963350784 0.5281795144694533 0.3782278026178011 0.5186770482315113 0.3771962958115183 0.5028396045016077 0.3797750628272251 0.4980883713826367 0.3864798570680628 0.4980883713826367 0.389574377486911 0.504423348874598 0.3931846513089005 0.5028396045016077 0.39679492513089004 0.4980883713826367 0.3973106785340314 0.49175339389067524 0.4034997193717278 0.4885859051446946 0.4029839659685864 0.4806671832797428 0.4065942397905759 0.46482973954983925 0.41948807434554974 0.4474085514469453 0.4200038277486911 0.42681987459807075 0.41278328010471205 0.4204848987138264 0.39988944554973826 0.3856425225080386 0.4050469795811518 0.36663759003215435 0.4040154727748691 0.35396763504823153 0.40092095235602093 0.34446516881028943 0.39988944554973826 0.3270439807073955 0.3931846513089005 0.30170407234726687 0.3802908162303665 0.284282884244373 0.3802908162303665 0.2668616961414791 0.3777120492146597 0.25894297427652735 0.37255451570680626 0.2541917411575563 0.3730702691099476 0.24627301929260448 0.3710072554973822 0.2336030643086817 0.3673969816753927 0.22568434244372992 0.37049150209424087 0.21459813183279744 0.37255451570680626 0.1892582234726688 0.37564903560209423 0.1860907347266881 0.37461752931937176 0.18450699035369775 0.3782278026178011 0.17500452411575562 0.37668054240837695 0.16391831350482314 0.37152300890052353 0.154415847266881 0.3689442418848167 0.12274095980707395 0.36430246125654453 0.10690351607717043 0.3710072554973822 0.08473109646302251 0.3694599952879581 0.06730990836012861 0.36275520104712045 0.053056209003215435 0.3596606806282723 0.019797577170418006 0.3545031465968586 0.011878855305466238 0.35140862617801044 0.0166300884244373 0.34728259895287955 0.015046344051446945 0.3441880785340314 0.019797577170418006 0.3457353387434555 0.026132554662379424 0.34160931151832463 0.026132554662379424 0.342125064921466 0.019797577170418006 0.3354202712041885 0.007127622186495176 0.3354202712041885 0 0.27782764031413615 0 0.27868739738219894 0.00396013344051447 0.24464767329842932 0.007127622186495176 0.23845863246073298 0.0023763890675241157 0.23907773769633509 0 0.23588087434554975 0