0 1 0.6956262626262626 0.9357592829705506 0.6956262626262626 0.9346267605633802 0.5288333333333334 0.09825224071702945 0.5270656565656565 0.09867797695262484 0.7419276094276094 0 0.7409405622895623 0 0.890314265993266 0.02548143405889885 0.8985959595959595 0.04548271446862996 0.9780505050505051 0.045837875160051215 1 1 1 1 0.6956262626262626
1 0.9526248399487837 0.37373737373737376 0.9571062740076824 0.33164983164983164 0.9577464788732394 0.04208754208754209 0.9539052496798975 0.021885521885521887 0.08002560819462227 0.021885521885521887 0.07810499359795134 0.026936026936026935 0.07746478873239436 0.16498316498316498 0.07682458386683738 0.49663299663299665 0.08130601792573623 0.5252525252525253 0.09628681177976953 0.5185185185185185 0.9212548015364916 0.5185185185185185 0.9231754161331626 0.49158249158249157 0.9308578745198464 0.45286195286195285 0.941101152368758 0.43265993265993263 0.9513444302176697 0.42424242424242425 0.9475032010243278 0.38552188552188554 0.9526248399487837 0.37373737373737376
2 1 0.12542087542087543 0.9961587708066582 0.14309764309764308 0.9961587708066582 0.15993265993265993 0.9916773367477593 0.18518518518518517 0.9942381562099872 0.19865319865319866 0.9929577464788732 0.22895622895622897 0.998719590268886 0.234006734006734 0.9993597951344431 0.2542087542087542 0.9942381562099872 0.2676767676767677 0.9948783610755442 0.27946127946127947 0.9833546734955185 0.2962962962962963 0.9833546734955185 0.3164983164983165 0.9756722151088348 0.33164983164983164 0.9750320102432779 0.35858585858585856 0.970550576184379 0.3602693602693603 0.9628681177976952 0.3468013468013468 0.9603072983354674 0.3602693602693603 0.9641485275288092 0.37037037037037035 0.9641485275288092 0.3888888888888889 0.9609475032010243 0.3956228956228956 0.9622279129321383 0.40404040404040403 0.9583866837387964 0.42424242424242425 0.9462227912932138 0.44612794612794615 0.941741357234315 0.4663299663299663 0.9443021766965429 0.48484848484848486 0.9449423815620999 0.5235690235690236 0.9487836107554417 0.5437710437710438 0.9545454545454546 0.5471380471380471 0.9583866837387964 0.5606060606060606 0.9647887323943662 0.5589225589225589 0.9673495518565941 0.569023569023569 0.971190781049936 0.563973063973064 0.9737516005121639 0.5757575757575758 0.970550576184379 0.5976430976430976 0.9807938540332907 0.6094276094276094 0.9814340588988476 0.6262626262626263 0.9775928297055058 0.6397306397306397 0.9724711907810499 0.6414141414141414 0.971830985915493 0.6481481481481481 0.9660691421254801 0.6447811447811448 0.9571062740076824 0.6498316498316499 0.9590268886043534 0.6582491582491582 0.9622279129321383 0.6531986531986532 0.9641485275288092 0.6565656565656566 0.9622279129321383 0.6666666666666666 0.9654289372599232 0.6784511784511784 0.9596670934699104 0.6851851851851852 0.9583866837387964 0.6936026936026936 0.971190781049936 0.7138047138047138 0.9801536491677336 0.7104377104377104 0.9884763124199744 0.7188552188552189 0.9967989756722151 0.7087542087542088 1 0.7118151212121212 1 0.12542087542087543
3 0.12814340588988476 0.6937205387205387 0.1940204865556978 0.6937205387205387 0.1940204865556978 0.5286026936026936 0.12814340588988476 0.5286026936026936 0.12814340588988476 0.6937205387205387
3 0.23053777208706788 0.6911363636363637 0.29542893725992314 0.6911363636363637 0.29542893725992314 0.5299074074074074 0.23053777208706788 0.5299074074074074 0.23053777208706788 0.6911363636363637
3 0.33219270166453263 0.6956649831649832 0.39757682458386684 0.6956649831649832 0.39757682458386684 0.5292508417508418 0.33219270166453263 0.5292508417508418 0.33219270166453263 0.6956649831649832
3 0.5372247119078105 0.6917845117845118 0.601622919334187 0.6917845117845118 0.601622919334187 0.5292592592592592 0.5372247119078105 0.5292592592592592 0.5372247119078105 0.6917845117845118
3 0.638629961587708 0.6937205387205387 0.7042637644046095 0.6937205387205387 0.7042637644046095 0.5266498316498316 0.638629961587708 0.5266498316498316 0.638629961587708 0.6937205387205387
3 0.7402848911651729 0.6937289562289563 0.8064116517285531 0.6937289562289563 0.8064116517285531 0.5273148148148149 0.7402848911651729 0.5273148148148149 0.7402848911651729 0.6937289562289563
3 0.842679257362356 0.6943771043771043 0.9080633802816901 0.6943771043771043 0.9080633802816901 0.5298989898989899 0.842679257362356 0.5298989898989899 0.842679257362356 0.6943771043771043
3 0.8064116517285531 1 0.8064116517285531 0.8319276094276095 0.7402848911651729 0.8319276094276095 0.7402848911651729 1 0.8064116517285531 1
3 0.70401728553137 1 0.70401728553137 0.8319276094276095 0.6386331626120358 0.8319276094276095 0.6386331626120358 1 0.70401728553137 1
3 0.9078201024327786 1 0.9078201024327786 0.8312710437710438 0.8431786171574904 0.8312710437710438 0.8431786171574904 1 0.9078201024327786 1
3 0.6021190781049935 1 0.6021190781049935 0.8306228956228956 0.5362419974391806 0.8306228956228956 0.5362419974391806 1 0.6021190781049935 1
3 0.4999679897567222 1 0.4999679897567222 0.8312710437710438 0.43433418693982073 0.8312710437710438 0.43433418693982073 1 0.4999679897567222 1
3 0.434583866837388 0.6976262626262626 0.49947503201024324 0.6976262626262626 0.49947503201024324 0.5286026936026936 0.434583866837388 0.5286026936026936 0.434583866837388 0.6976262626262626
3 0.2956722151088348 1 0.2956722151088348 0.8319276094276095 0.22979513444302177 0.8319276094276095 0.22979513444302177 1 0.2956722151088348 1
3 0.3978201024327785 1 0.3978201024327785 0.8332239057239057 0.3316933418693982 0.8332239057239057 0.3316933418693982 1 0.3978201024327785 1
3 0.09581946222791292 1 0.09581946222791292 0.8312710437710438 0.05387323943661972 0.8312710437710438 0.05387323943661972 1 0.09581946222791292 1
3 0.19352432778489118 1 0.19352432778489118 0.8312794612794613 0.12739756722151088 0.8312794612794613 0.12739756722151088 1 0.19352432778489118 1
3 1 0.831919191919192 0.9445806658130601 0.831919191919192 0.9445806658130601 1 1 1 1 0.831919191919192
1 0.9635083226632523 0.5673400673400674 0.941741357234315 0.5269360269360269 0.9379001280409731 0.5269360269360269 0.9366197183098591 0.5353535353535354 0.9366197183098591 0.6835016835016835 0.9545454545454546 0.6868686868686869 0.9596670934699104 0.6750841750841751 0.9558258642765685 0.6632996632996633 0.9558258642765685 0.6414141414141414 0.9763124199743918 0.6380471380471381 0.9801536491677336 0.6195286195286195 0.9775928297055058 0.6060606060606061 0.969270166453265 0.5925925925925926 0.9635083226632523 0.5673400673400674
2 0.048345167733674775 1 0.04929577464788732 0.9882154882154882 0.04737516005121639 0.9797979797979798 0.03969270166453265 0.9797979797979798 0.03393085787451985 0.9713804713804713 0.03585147247119078 0.9393939393939394 0.01792573623559539 0.8956228956228957 0 0.892087542087542 0 1 0.048345167733674775 1