1 1 0.28023809499999996 0.9968030690537084 0.27666666666666667 0.9034526854219949 0.2783333333333333 0.90153452685422 0.411 0.89616368286445 0.43333333333333335 0.8823529411764706 0.43333333333333335 0.8797953964194374 0.44 0.8797953964194374 0.56 0.8823529411764706 0.585 0.9980818414322251 0.5933333333333334 1 0.5833333333333334 1 0.28023809499999996
1 0.022035142583120206 0 0.02237851662404092 0.04833333333333333 0.021099744245524295 0.17333333333333334 0.023017902813299233 0.20666666666666667 0.021099744245524295 0.22833333333333333 0.0319693094629156 0.24666666666666667 0.03644501278772379 0.26166666666666666 0.037723785166240406 0.2816666666666667 0.04411764705882353 0.30333333333333334 0.04156010230179028 0.325 0.03836317135549872 0.33166666666666667 0.04411764705882353 0.3383333333333333 0.04411764705882353 0.3466666666666667 0.06074168797953964 0.35333333333333333 0.06713554987212277 0.39666666666666667 0.06585677749360613 0.4166666666666667 0.06010230179028133 0.425 0.06074168797953964 0.43166666666666664 0.05370843989769821 0.43833333333333335 0.053069053708439895 0.4483333333333333 0.0479539641943734 0.45 0.03132992327365729 0.4866666666666667 0.03132992327365729 0.49333333333333335 0.03388746803069054 0.485 0.0370843989769821 0.49333333333333335 0.043478260869565216 0.49666666666666665 0.04539641943734015 0.5133333333333333 0.04475703324808184 0.525 0.03836317135549872 0.5416666666666666 0.04092071611253197 0.56 0.037723785166240406 0.575 0.043478260869565216 0.5883333333333334 0.055626598465473145 0.5916666666666667 0.06521739130434782 0.5866666666666667 0.09910485933503836 0.5866666666666667 0.19437340153452684 0.595 0.21419437340153452 0.5883333333333334 0.21994884910485935 0.5766666666666667 0.2180306905370844 0.515 0.22058823529411764 0.51 0.2180306905370844 0.465 0.22058823529411764 0.44333333333333336 0.2186700767263427 0.43166666666666664 0.22058823529411764 0.4266666666666667 0.21994884910485935 0.41333333333333333 0.22570332480818414 0.41 0.239769820971867 0.41833333333333333 0.8964194373401535 0.42 0.9002557544757033 0.405 0.8989769820971867 0.39666666666666667 0.9008951406649617 0.3883333333333333 0.8989769820971867 0.2683333333333333 0.8995425927109975 0 0.022035142583120206 0
3 0.8504092071611253 0.44580833333333336 0.785076726342711 0.44580833333333336 0.785076726342711 0.5994916666666666 0.8504092071611253 0.5994916666666666 0.8504092071611253 0.44580833333333336
3 0.744900895140665 0.4515916666666666 0.718641304347826 0.4515916666666666 0.718641304347826 0.5985083333333333 0.744900895140665 0.5985083333333333 0.744900895140665 0.4515916666666666
3 0.6417391304347826 0.450375 0.5826598465473145 0.450375 0.5826598465473145 0.5954583333333333 0.6417391304347826 0.5954583333333333 0.6417391304347826 0.450375
3 0.5437340153452686 0.44580833333333336 0.5127109974424552 0.44580833333333336 0.5127109974424552 0.5994916666666666 0.5437340153452686 0.5994916666666666 0.5437340153452686 0.44580833333333336
3 0.44104219948849105 0.44479166666666664 0.37789641943734015 0.44479166666666664 0.37789641943734015 0.5958416666666667 0.44104219948849105 0.5958416666666667 0.44104219948849105 0.44479166666666664
3 0.3364769820971867 0.44915 0.3091240409207161 0.44915 0.3091240409207161 0.6025833333333334 0.3364769820971867 0.6025833333333334 0.3364769820971867 0.44915
3 0.22250639386189258 0.4583333333333333 0.22122762148337596 0.4666666666666667 0.22122762148337596 0.5883333333333334 0.22442455242966752 0.5916666666666667 0.23273657289002558 0.5866666666666667 0.23337595907928388 0.455 0.22250639386189258 0.4583333333333333
3 0.37915601023017903 0.7416666666666667 0.3797953964194373 0.955 0.43797953964194375 0.9516666666666667 0.4398976982097187 0.7483333333333333 0.4322250639386189 0.74 0.37915601023017903 0.7416666666666667
3 0.5147058823529411 0.745 0.5153452685421995 0.965 0.5524296675191815 0.9583333333333334 0.5517902813299232 0.7416666666666667 0.5172634271099744 0.7383333333333333 0.5147058823529411 0.745
3 0.6432225063938619 0.9616666666666667 0.6438618925831202 0.7433333333333333 0.5824808184143222 0.7433333333333333 0.5831202046035806 0.965 0.6432225063938619 0.9616666666666667
3 0.3132992327365729 0.74 0.309462915601023 0.75 0.3101023017902813 0.9616666666666667 0.33695652173913043 0.9666666666666667 0.34846547314578 0.96 0.34782608695652173 0.7433333333333333 0.3132992327365729 0.74
3 0.2078005115089514 0.7416666666666667 0.20843989769820973 0.9616666666666667 0.23529411764705882 0.9616666666666667 0.23657289002557544 0.745 0.2340153452685422 0.7383333333333333 0.2078005115089514 0.7416666666666667
3 0.7557544757033248 0.9616666666666667 0.7563938618925832 0.7433333333333333 0.7186700767263428 0.7416666666666667 0.7186700767263428 0.9616666666666667 0.7557544757033248 0.9616666666666667
3 0.819693094629156 0.7383333333333333 0.7870843989769821 0.7416666666666667 0.7858056265984654 0.9066666666666666 0.7883631713554987 0.9533333333333334 0.8465473145780051 0.95 0.8471867007672634 0.745 0.819693094629156 0.7383333333333333
3 0.907928388746803 0.965 0.9290281329923273 0.9666666666666667 0.9367007672634271 0.9583333333333334 0.9392583120204604 0.7533333333333333 0.9072890025575447 0.7516666666666667 0.907928388746803 0.965
3 0.07352941176470588 0.7383333333333333 0.07289002557544758 0.9533333333333334 0.09335038363171355 0.9666666666666667 0.16624040920716113 0.9566666666666667 0.16879795396419436 0.8766666666666667 0.16751918158567775 0.7433333333333333 0.07352941176470588 0.7383333333333333
0 0 0.9555293083333334 0.950794757033248 0.9525766666666667 0.9492046035805627 0.835915 0.9713062659846547 0.8105783333333333 0.9819149616368286 0.8128816666666666 0.9819149616368286 0.5917733333333334 0.8794066496163683 0.5871066666666667 0.8779891304347825 0.4312766666666667 0.22243542199488492 0.4339133333333334 0.22192710997442455 0.5998333333333333 0.040971867007672635 0.59692 0.040971867007672635 0.6454383333333333 0 0.6458970516666667 0 0.9555293083333334