3 0.7814146045081968 0.9736606855345912 0.8091706982581968 0.9690140393081761 0.8091706982581968 0.780050429245283 0.8076567295081967 0.7738549009433963 0.7814146045081968 0.7738549009433963 0.7788913232581967 0.7831481933962264 0.7788913232581967 0.9659162751572328 0.7814146045081968 0.9736606855345912
3 0.7491166050204918 0.7785015471698113 0.702183574795082 0.7785015471698113 0.7031928872950819 0.9752095676100629 0.740537449282787 0.9814050959119497 0.7491166050204918 0.9752095676100629 0.7491166050204918 0.7785015471698113
3 0.8919343217213115 0.9086076399371069 0.8939529467213114 0.9024121116352202 0.8944576029713115 0.8698855880503146 0.8974855404713115 0.8482012389937108 0.9116159149590164 0.8156747169811321 0.9121205712090164 0.7785015471698113 0.9090926342213115 0.7738549009433963 0.8823458529713115 0.7769526650943396 0.8828505092213115 0.9101565220125787 0.8868877592213115 0.9039609937106917 0.8919343217213115 0.9086076399371069
3 0.8984948529713115 0.5074471886792452 0.8772992904713115 0.5074471886792452 0.8762899784836066 0.6143200503144655 0.8788132592213114 0.6391021619496855 0.8974855404713115 0.6391021619496855 0.8984948529713115 0.5074471886792452
3 0.591959081454918 0.6426800801886793 0.6458614144467213 0.6426800801886793 0.6458614144467213 0.4961558380503145 0.591959081454918 0.4961558380503145 0.591959081454918 0.6426800801886793
3 0.704926381147541 0.641804962264151 0.7588287146516394 0.641804962264151 0.7588287146516394 0.49616358176100633 0.704926381147541 0.49616358176100633 0.704926381147541 0.641804962264151
3 0.5352760922131148 0.6461108537735849 0.5612709354508196 0.6461108537735849 0.5612709354508196 0.4975265990566038 0.5352760922131148 0.4975265990566038 0.5352760922131148 0.6461108537735849
3 0.45012039805327864 0.6454835566037735 0.4761152407786885 0.6454835566037735 0.4761152407786885 0.49753434276729563 0.45012039805327864 0.49753434276729563 0.45012039805327864 0.6454835566037735
3 0.7901199246926229 0.6448485157232704 0.8157059964139344 0.6448485157232704 0.8157059964139344 0.49878893710691824 0.7901199246926229 0.49878893710691824 0.7901199246926229 0.6448485157232704
3 0.600510481557377 0.9820401383647799 0.6518441142418033 0.9820401383647799 0.6518441142418033 0.7681705047169811 0.600510481557377 0.7681705047169811 0.600510481557377 0.9820401383647799
3 0.5408399272540984 0.9799723805031446 0.5730369953893443 0.9799723805031446 0.5730369953893443 0.767481251572327 0.5408399272540984 0.767481251572327 0.5408399272540984 0.9799723805031446
3 0.43794808965163934 0.9730643663522012 0.4699180625 0.9730643663522012 0.4699180625 0.7695567531446541 0.43794808965163934 0.7695567531446541 0.43794808965163934 0.9730643663522012
3 0.4029224231557377 0.9829539779874213 0.4084736413934426 0.9767584496855346 0.4089782976434426 0.7785015471698113 0.3832408294057377 0.7769526650943396 0.36406389241803283 0.790892603773585 0.36154061116803277 0.8807277625786164 0.3625499236680328 0.9705629213836477 0.4029224231557377 0.9829539779874213
3 0.28887011219262293 0.9767584496855346 0.3080470491803279 0.9736606855345912 0.30855170543032784 0.8853744088050314 0.3060284241803279 0.8094791886792453 0.29997254969262294 0.8048325424528302 0.28887011219262293 0.8187724811320755 0.28584217469262296 0.9395852814465409 0.286851487192623 0.9721118034591195 0.28887011219262293 0.9767584496855346
3 0.2772630184426229 0.9814050959119497 0.282309580942623 0.9767584496855346 0.28281423719262294 0.8435545943396227 0.282309580942623 0.8249680094339623 0.27473973719262296 0.8172235990566037 0.26313264395491803 0.8342613018867925 0.26363730020491805 0.9752095676100629 0.2772630184426229 0.9814050959119497
3 0.22629273821721313 0.9721118034591195 0.22679739446721311 0.9256453427672955 0.22124617571721314 0.846652356918239 0.21569495696721314 0.8327124198113207 0.20358320696721313 0.8265168915094341 0.2025738944672131 0.9705629213836477 0.22629273821721313 0.9721118034591195
3 0.12939873975409835 0.9659162751572328 0.12939873975409835 0.7769526650943396 0.10164264600409835 0.7738549009433963 0.09962402100409837 0.7815993113207548 0.10063333350409835 0.9721118034591195 0.12687545850409837 0.9721118034591195 0.12939873975409835 0.9659162751572328
3 0.06934464651639344 0.7785015471698113 0.022411616290983608 0.7785015471698113 0.021402303790983606 0.9395852814465409 0.023925585040983608 0.9752095676100629 0.06883999026639345 0.9752095676100629 0.06934464651639344 0.7785015471698113
3 0.025734777663934425 0.6459404764150943 0.07998027715163934 0.6459404764150943 0.07998027715163934 0.49769697641509436 0.025734777663934425 0.49769697641509436 0.025734777663934425 0.6459404764150943
3 0.1107188888319672 0.6459327327044025 0.13599711987704918 0.6459327327044025 0.13599711987704918 0.49727103301886794 0.1107188888319672 0.49727103301886794 0.1107188888319672 0.6459327327044025
3 0.9319485153688525 0.6466142405660378 0.986279806352459 0.6466142405660378 0.986279806352459 0.49680636792452826 0.9319485153688525 0.49680636792452826 0.9319485153688525 0.6466142405660378
1 1 0.021590904088050315 0.9923609139344263 0.02419598742138365 0.9509791019467213 0.025744869496855345 0.4029224231557377 0.02109822327044025 0.38879204815573776 0.027293751572327045 0.3913153294057377 0.04742921855345912 0.3933339544057377 0.05207586477987421 0.3928292981557377 0.058271393081761005 0.3963618919057377 0.0644669213836478 0.39585723565573766 0.07221133176100629 0.4034270788934426 0.08924903459119497 0.4019131106557377 0.09389568081761006 0.4044363913934426 0.10473785534591194 0.3978758606557377 0.11403114779874214 0.3993898294057377 0.14345990566037736 0.4069596726434426 0.15894872641509433 0.4079689851434426 0.17908419339622642 0.4104922663934426 0.1899263679245283 0.40595036014344266 0.20076854245283018 0.4039317351434426 0.22555065408805033 0.3993898294057377 0.22864841823899368 0.3978758606557377 0.23639282861635222 0.40746432889344264 0.25652829559748425 0.4064550163934426 0.26117494182389933 0.4109969226434426 0.27666376257861636 0.4109969226434426 0.28905481918238995 0.41604348514344264 0.29370146540880504 0.4190714226434426 0.3045436399371069 0.4251272976434426 0.309190286163522 0.43017386014344267 0.3401679261006289 0.43017386014344267 0.35101010062893084 0.4347157663934426 0.3634011572327044 0.43421111014344266 0.375792213836478 0.43017386014344267 0.39128103459119495 0.44077164088114756 0.411416501572327 0.45086476588114754 0.4222586761006289 0.45389270338114757 0.43155196698113213 0.8677108222336066 0.42845420283018865 0.9287742274590164 0.43310084905660373 0.9651094769467213 0.42845420283018865 0.9868096951844263 0.43155196698113213 0.9979121326844262 0.426905322327044 1 0.42789117452830183 1 0.021590904088050315
1 0 0.42712455188679244 0.0022253662909836065 0.43310084905660373 0.1753224574795082 0.43310084905660373 0.1874342074795082 0.4176120298742138 0.1813783324795082 0.4160631477987421 0.17784573872950818 0.40367209119496855 0.1667433012295082 0.4005743270440252 0.16371536424180327 0.3835366242138365 0.1632107079918033 0.3634011572327044 0.1647246767418033 0.3541078647798742 0.17178986372950822 0.35101010062893084 0.1753224574795082 0.34326569025157233 0.17734108247950822 0.32313022484276727 0.1818829887295082 0.3107391682389937 0.1813783324795082 0.2983481116352201 0.1844062699795082 0.28285929088050316 0.1914714574795082 0.2658215880503145 0.1823876449795082 0.2627238238993711 0.1828923012295082 0.2518816493710692 0.18592023872950822 0.2456861210691824 0.1934900824795082 0.2456861210691824 0.1955087074795082 0.2379417106918239 0.20358320696721313 0.2317461823899371 0.2045925194672131 0.21625736320754715 0.2076204569672131 0.20851295283018867 0.2076204569672131 0.20076854245283018 0.20509717571721311 0.19457301415094339 0.19449939497950822 0.18527972169811321 0.1995459574795082 0.16669313679245282 0.1965180199795082 0.16204649056603773 0.1914714574795082 0.16359537264150942 0.1934900824795082 0.17133978301886793 0.18894817622950819 0.17908419339622642 0.1854155824795082 0.17908419339622642 0.1793597074795082 0.16669313679245282 0.18339695747950818 0.16359537264150942 0.1823876449795082 0.15894872641509433 0.1839016137295082 0.15585096226415093 0.1955087074795082 0.15585096226415093 0.1929854262295082 0.14965543396226416 0.19752733247950818 0.14655766981132076 0.1929854262295082 0.14036214150943396 0.18642489497950818 0.14191102358490565 0.1839016137295082 0.13416661320754716 0.1828923012295082 0.12642220283018868 0.18592023872950822 0.12177555660377358 0.1849109262295082 0.1171289103773585 0.18642489497950818 0.11403114779874214 0.1844062699795082 0.10938450157232706 0.18642489497950818 0.10628673742138366 0.1849109262295082 0.10164009119496854 0.18995748872950818 0.09699344496855346 0.1904621449795082 0.10164009119496854 0.19853664497950818 0.10164009119496854 0.1995459574795082 0.09389568081761006 0.1955087074795082 0.08924903459119497 0.1980319887295082 0.07995574213836479 0.1955087074795082 0.07376021383647799 0.19752733247950818 0.0644669213836478 0.1955087074795082 0.0613691572327044 0.2091344257172131 0.058271393081761005 0.2111530507172131 0.050526982704402514 0.21771358196721313 0.04897810062893082 0.21720892571721312 0.027293751572327045 0.2076204569672131 0.02264710534591195 0.07237258401639345 0.025744869496855345 0.012318491290983606 0.02109822327044025 0.007776585040983607 0.02109822327044025 0.0022253662909836065 0.02264710534591195 0 0.03767322641509434 0 0.04059916352201258 0.0012160537909836067 0.04433145440251572 0 0.06672519968553459 0 0.07586875314465409 0.0007113975409836067 0.08460238836477987 0 0.08678579716981132 0 0.1941250393081761 0.0007113975409836067 0.1992196603773585 0 0.23742931289308175 0 0.2573927374213837 0.0012160537909836067 0.273565998427673 0.00020674129098360655 0.2859570550314465 0.0017207100409836066 0.2906037012578616 0.00020674129098360655 0.3029947578616352 0.00020674129098360655 0.38508550628930815 0.0037393350409836066 0.3881832704402516 0.0022253662909836065 0.39282991666666667 0.008785897540983608 0.4005743270440252 0.00020674129098360655 0.4067698553459119 0 0.4083561729559748 0 0.42712455188679244
1 1 0.6499254512578617 0.43320179764344263 0.6483954544025157 0.42714592264344264 0.6545909827044025 0.4099876101434426 0.6979596808176101 0.39585723565573766 0.6840197421383648 0.36103595491803275 0.6886663883647799 0.3625499236680328 0.7041552091194968 0.37718495440573774 0.7475239056603774 1 0.7459860676100629 1 0.6499254512578617
0 1 0.7495835487421384 0.3734752264344262 0.7516330911949686 0.3597859211065573 0.8272603537735849 0.3303533601434426 0.8482678411949685 0.32077094723360655 0.8440672735849056 0.322824393442623 0.9617110613207547 0.3194018145491803 0.980616715408805 0.8854616009221312 0.9669617704402517 0.8957283273565574 0.883981963836478 0.9203696823770492 0.8188576698113208 0.968967069159836 0.7810432625786163 0.9922392920081967 0.8398651572327044 1 0.8512573632075472 1 0.7495835487421384
0 0 0.9716660801886793 0.2249448012295082 0.9606593694968554 0.22357566905737705 0.8713771619496855 0.21262412397540983 0.8356645880503144 0.19551223975409834 0.8230597861635219 0.1797694882172131 0.7957498977987421 0.16402673668032786 0.7579354921383648 0 0.7619000204402516 0 0.9716660801886793
0 0 0.6686012216981132 0.0011216834016393442 0.6381914198113208 0.16060415829918034 0.6444938207547171 0.18319206711065575 0.6108815314465409 0.19277448002049183 0.5625641556603773 0.19482792622950817 0.47853265880503143 0.17634690983606557 0.43651768396226415 0 0.4445061022012578 0 0.6686012216981132
0 1 0.43869789308176105 0.4521899933401639 0.440718251572327 0.4234417459016393 0.5121449481132075 0.42549519211065573 0.6339893034591195 1 0.6412410911949685 1 0.43869789308176105
2 0.25141096772540983 0 0.25001158145491803 0.007158286163522013 0.26515126895491803 0.007158286163522013 0.26767455020491804 0.011804932389937108 0.25758142520491806 0.019549341194968553 0.23234861321721312 0.016451577044025157 0.22376945696721312 0.02419598742138365 0.2202368632172131 0.03968480817610063 0.2222554882172131 0.0660158034591195 0.21821823821721312 0.08460238836477987 0.21569495696721314 0.11403114779874214 0.20358320696721313 0.13416661320754716 0.2025738944672131 0.14655766981132076 0.2025738944672131 0.15430208018867925 0.2045925194672131 0.15894872641509433 0.20358320696721313 0.17908419339622642 0.21418098821721313 0.1899263679245283 0.21569495696721314 0.1961218962264151 0.2131716757172131 0.20231742452830187 0.21216236321721313 0.21625736320754715 0.2005552694672131 0.2487838852201258 0.20105992571721312 0.26117494182389933 0.1874342074795082 0.28440817295597487 0.18642489497950818 0.3107391682389937 0.1783503949795082 0.3401679261006289 0.17481780122950819 0.35101010062893084 0.1682572699795082 0.3556567468553459 0.16724795747950819 0.360303393081761 0.1667433012295082 0.3897321525157233 0.16926658247950818 0.3943787987421384 0.1894528324795082 0.3943787987421384 0.19752733247950818 0.39902544496855347 0.2045925194672131 0.3943787987421384 0.20408786321721312 0.40367209119496855 0.2020692382172131 0.40831873742138364 0.1955087074795082 0.4129653836477987 0.20509717571721311 0.4377474952830188 0.20005061321721312 0.4485896698113207 0.1929854262295082 0.4516874339622642 0.19197611372950818 0.457882962264151 0.1939947387295082 0.4826650754716981 0.19853664497950818 0.4950561320754717 0.1965180199795082 0.5012516603773586 0.19752733247950818 0.5136427169811321 0.1939947387295082 0.5198382452830188 0.1929854262295082 0.5275826556603774 0.1929854262295082 0.5477181210691824 0.1955087074795082 0.5523647672955975 0.19500405122950817 0.5616580597484276 0.19853664497950818 0.5725002342767296 0.19853664497950818 0.5972823474842768 0.20156458196721314 0.606575639937107 0.20156458196721314 0.6143200503144655 0.1990413012295082 0.6174178144654088 0.1990413012295082 0.631357753144654 0.19500405122950817 0.6360043977987422 0.19197611372950818 0.6205155786163522 0.1914714574795082 0.6034778757861635 0.1869295512295082 0.611222286163522 0.17380848872950821 0.6096734040880503 0.17481780122950819 0.6143200503144655 0.1849109262295082 0.6158689323899371 0.18592023872950822 0.6205155786163522 0.17734108247950822 0.626711106918239 0.1823876449795082 0.6344555172955975 0.1818829887295082 0.6483954544025157 0.1712852074795082 0.6514932185534591 0.1727991762295082 0.6561398647798742 0.1682572699795082 0.6638842751572327 0.1793597074795082 0.6669820393081761 0.1823876449795082 0.6855686242138365 0.17734108247950822 0.6979596808176101 0.16573398924180327 0.6995085628930818 0.16371536424180327 0.7041552091194968 0.1662386449795082 0.7165462657232705 0.1768364262295082 0.7351328506289307 0.17784573872950818 0.7444261415094339 0.18642489497950818 0.7506216698113207 0.18642489497950818 0.7583660801886792 0.1828923012295082 0.7692082547169812 0.1869295512295082 0.780050429245283 0.1955087074795082 0.7846970754716981 0.19449939497950822 0.790892603773585 0.1980319887295082 0.8032836603773585 0.21216236321721313 0.8203213632075471 0.21821823821721312 0.8435545943396227 0.22124617571721314 0.8482012389937108 0.22124617571721314 0.8559456493710692 0.22427411321721313 0.8683367059748428 0.22477876946721312 0.8931188191823899 0.22629273821721313 0.8962165833333333 0.2283113632172131 0.9209986965408805 0.22578808196721312 0.9581718647798741 0.2283113632172131 0.9767584496855346 0.23689051895491806 0.9752095676100629 0.24042311270491803 0.9659162751572328 0.24244173770491803 0.8838255267295597 0.237395175204918 0.8745322342767295 0.23789983145491803 0.8358101839622641 0.24446036270491803 0.8234191273584905 0.26161867520491805 0.8280657735849056 0.27373042469262293 0.8125769528301887 0.28483286219262294 0.8141258349056604 0.28735614344262295 0.8017347783018868 0.292907362192623 0.79553925 0.29038408094262297 0.7846970754716981 0.292907362192623 0.7754037830188679 0.28786079969262296 0.7676593726415094 0.28786079969262296 0.7583660801886792 0.29189804969262295 0.7475239056603774 0.2949259871926229 0.7459750235849056 0.29997254969262294 0.7475239056603774 0.30199117418032784 0.7537194339622642 0.3014865184426229 0.7661104905660377 0.3035051429303279 0.7785015471698113 0.30098186219262296 0.7815993113207548 0.3014865184426229 0.7939903679245283 0.3060284241803279 0.7939903679245283 0.3080470491803279 0.8125769528301887 0.30855170543032784 0.9752095676100629 0.32217742418032785 0.9752095676100629 0.3181401741803279 0.9566229827044026 0.31914948668032783 0.9426830455974843 0.3176355179303279 0.9380363993710691 0.3181401741803279 0.9256453427672955 0.3166262054303279 0.9148031682389937 0.3176355179303279 0.8931188191823899 0.31561689293032785 0.8729833522012578 0.3176355179303279 0.8435545943396227 0.31612154918032787 0.8234191273584905 0.3176355179303279 0.8001858962264151 0.3282332991803279 0.7970881320754717 0.33277520543032785 0.811028070754717 0.33126123668032786 0.8156747169811321 0.3317658929303279 0.8234191273584905 0.3347938304303279 0.8296146556603773 0.3494288611680328 0.8280657735849056 0.3554847361680328 0.8203213632075471 0.3514474861680328 0.8187724811320755 0.3489242049180328 0.811028070754717 0.3529614549180328 0.7939903679245283 0.3519521424180328 0.7846970754716981 0.35447542366803275 0.780050429245283 0.3696151106557377 0.7785015471698113 0.36608251741803277 0.7707571367924528 0.3675964861680328 0.7661104905660377 0.3731477044057377 0.7707571367924528 0.3675964861680328 0.7645616084905661 0.3635592361680328 0.7506216698113207 0.36608251741803277 0.7459750235849056 0.3716337356557377 0.7459750235849056 0.3701197669057377 0.7413283773584906 0.3716337356557377 0.7351328506289307 0.3691104549180328 0.7335839685534591 0.3645685486680328 0.7196440298742138 0.3564940486680328 0.6871175062893081 0.3564940486680328 0.682470860062893 0.3590173299180328 0.6793730959119497 0.35952198616803277 0.6654331572327044 0.3665871736680328 0.6654331572327044 0.37466167315573773 0.6809219779874214 0.3792035794057377 0.673177567610063 0.40039914190573767 0.6747264496855345 0.4064550163934426 0.682470860062893 0.4084736413934426 0.6902152704402517 0.4256319538934426 0.677824213836478 0.4256319538934426 0.6669820393081761 0.42260401639344264 0.6561398647798742 0.42310867264344265 0.6421999261006289 0.4210900476434426 0.6344555172955975 0.4210900476434426 0.6019289937106919 0.4155388288934426 0.5941845833333333 0.4155388288934426 0.5988312295597484 0.4104922663934426 0.6050267578616352 0.4069596726434426 0.6019289937106919 0.4109969226434426 0.5941845833333333 0.4064550163934426 0.5864401729559748 0.40544570389344264 0.5523647672955975 0.40746432889344264 0.5477181210691824 0.4064550163934426 0.5415225927672956 0.4084736413934426 0.529131537735849 0.40595036014344266 0.5198382452830188 0.40494104764344263 0.5043494245283019 0.40746432889344264 0.4997027783018868 0.4140248601434426 0.4997027783018868 0.4170527976434426 0.5058983066037736 0.4205853913934426 0.5043494245283019 0.4241179851434426 0.4997027783018868 0.4246226413934426 0.49350725 0.4306785163934426 0.49040948584905664 0.43017386014344267 0.4826650754716981 0.43370645389344264 0.46717625471698115 0.44632285963114754 0.45013855188679247 0.44682751588114755 0.4300030849056604 0.43976232838114754 0.4238075581761006 0.42714592264344264 0.3897321525157233 0.4321924851434426 0.3711455676100629 0.4311831726434426 0.3587545110062893 0.4281552351434426 0.34946121855345913 0.42714592264344264 0.33242351572327045 0.4205853913934426 0.3076414040880503 0.4079689851434426 0.2906037012578616 0.4079689851434426 0.273565998427673 0.40544570389344264 0.2658215880503145 0.40039914190573767 0.26117494182389933 0.4009037981557377 0.2534305314465409 0.39888517315573774 0.2410394748427673 0.3953525794057377 0.23329506446540882 0.3983805169057377 0.22245288993710693 0.40039914190573767 0.19767077830188678 0.4034270788934426 0.19457301415094339 0.4024177669057377 0.1930241320754717 0.40595036014344266 0.1837308396226415 0.4044363913934426 0.17288866509433962 0.3993898294057377 0.16359537264150942 0.3968665481557377 0.13261773113207548 0.39232464190573774 0.1171289103773585 0.39888517315573774 0.09544456289308176 0.3973712044057377 0.07840686006289307 0.3908106731557377 0.0644669213836478 0.38778273565573773 0.03194039779874214 0.3827361731557377 0.02419598742138365 0.3797082356557377 0.02884263364779874 0.3756709856557377 0.027293751572327045 0.3726430481557377 0.03194039779874214 0.3741570169057377 0.03813592610062893 0.3701197669057377 0.03813592610062893 0.37062442315573774 0.03194039779874214 0.36406389241803283 0.019549341194968553 0.36406389241803283 0 0.3120024892418033 0 0.31309361168032784 0.002511639937106918 0.3120842991803279 0.0056094040880503146 0.3045144554303279 0.007158286163522013 0.3065330804303279 0.007158286163522013 0.30855170543032784 0.016451577044025157 0.27524439344262297 0.019549341194968553 0.269188518442623 0.014902694968553459 0.271207143442623 0.007158286163522013 0.2698743944672131 0 0.2655332105532787 0 0.267169893954918 0.002511639937106918 0.26565592520491804 0.0056094040880503146 0.25960005020491805 0.0056094040880503146 0.25807700512295084 0 0.25141096772540983 0