0 1 0.7255354609929078 0.9519892328398385 0.7255354609929078 0.9507987886944818 0.5498705673758866 0.07164872139973082 0.5480088652482269 0.07209623149394348 0.7742996453900709 0 0.7735770833333334 0 0.9585810673758866 0.01040621601615074 1 1 1 1 0.7255354609929078
1 0.9697173620457604 0.38652482269503546 0.9744279946164199 0.3421985815602837 0.9751009421265141 0.03723404255319149 0.9710632570659489 0.015957446808510637 0.052489905787348586 0.015957446808510637 0.05047106325706595 0.02127659574468085 0.04979811574697174 0.16666666666666666 0.04912516823687752 0.5159574468085106 0.05383580080753701 0.5460992907801419 0.0695827725437416 0.5390070921985816 0.9367429340511441 0.5390070921985816 0.9387617765814267 0.5106382978723404 0.9468371467025573 0.4698581560283688 0.9576043068640646 0.44858156028368795 0.968371467025572 0.4397163120567376 0.9643337819650067 0.39893617021276595 0.9697173620457604 0.38652482269503546
2 1 0.33023049645390073 0.993943472409152 0.3421985815602837 0.9932705248990579 0.37056737588652483 0.9885598923283984 0.3723404255319149 0.9804845222072678 0.35815602836879434 0.977792732166891 0.3723404255319149 0.9818304172274562 0.3829787234042553 0.9818304172274562 0.4024822695035461 0.9784656796769852 0.4095744680851064 0.9798115746971736 0.41843971631205673 0.9757738896366084 0.4397163120567376 0.9629878869448183 0.4627659574468085 0.9582772543741588 0.48404255319148937 0.9609690444145357 0.5035460992907801 0.9616419919246298 0.5443262411347518 0.9656796769851952 0.5656028368794326 0.971736204576043 0.5691489361702128 0.9757738896366084 0.5833333333333334 0.9825033647375505 0.5815602836879432 0.9851951547779273 0.5921985815602837 0.9892328398384926 0.5868794326241135 0.9919246298788694 0.599290780141844 0.9885598923283984 0.6223404255319149 0.9993270524899058 0.6347517730496454 1 0.6524822695035462 1 0.33023049645390073
3 0.10306864064602961 0.7235283687943262 0.1723149394347241 0.7235283687943262 0.1723149394347241 0.5496276595744681 0.10306864064602961 0.5496276595744681 0.10306864064602961 0.7235283687943262
3 0.21069986541049798 0.7208067375886525 0.27890982503364736 0.7208067375886525 0.27890982503364736 0.5510017730496454 0.21069986541049798 0.5510017730496454 0.21069986541049798 0.7208067375886525
3 0.31755383580080754 0.7255762411347518 0.38628196500672946 0.7255762411347518 0.38628196500672946 0.5503102836879432 0.31755383580080754 0.5503102836879432 0.31755383580080754 0.7255762411347518
3 0.53307200538358 0.7214893617021277 0.600763795423957 0.7214893617021277 0.600763795423957 0.5503191489361702 0.53307200538358 0.5503191489361702 0.53307200538358 0.7214893617021277
3 0.6396635262449528 0.7235283687943262 0.7086541049798115 0.7235283687943262 0.7086541049798115 0.5475709219858156 0.6396635262449528 0.5475709219858156 0.6396635262449528 0.7235283687943262
3 0.7465174966352625 0.7235372340425532 0.8160262449528937 0.7235372340425532 0.8160262449528937 0.5482712765957447 0.7465174966352625 0.5482712765957447 0.7465174966352625 0.7235372340425532
3 0.8541487213997309 0.7242198581560283 0.9228768506056527 0.7242198581560283 0.9228768506056527 0.5509929078014184 0.8541487213997309 0.5509929078014184 0.8541487213997309 0.7242198581560283
3 0.8160262449528937 1 0.8160262449528937 0.8690868794326242 0.7465174966352625 0.8690868794326242 0.7465174966352625 1 0.8160262449528937 1
3 0.7083950201884253 1 0.7083950201884253 0.8690868794326242 0.6396668909825033 0.8690868794326242 0.6396668909825033 1 0.7083950201884253 1
3 0.922621130551817 1 0.922621130551817 0.8683953900709219 0.8546736204576043 0.8683953900709219 0.8546736204576043 1 0.922621130551817 1
3 0.60128532974428 1 0.60128532974428 0.8677127659574467 0.5320390309555855 0.8677127659574467 0.5320390309555855 1 0.60128532974428 1
3 0.4939098250336474 1 0.4939098250336474 0.8683953900709219 0.42491924629878863 0.8683953900709219 0.42491924629878863 1 0.4939098250336474 1
3 0.42518169582772547 0.7276418439716312 0.4933916554508748 0.7276418439716312 0.4933916554508748 0.5496276595744681 0.42518169582772547 0.5496276595744681 0.42518169582772547 0.7276418439716312
3 0.27916554508748315 1 0.27916554508748315 0.8690868794326242 0.2099192462987887 0.8690868794326242 0.2099192462987887 1 0.27916554508748315 1
3 0.38653768506056524 1 0.38653768506056524 0.8704521276595745 0.3170289367429341 0.8704521276595745 0.3170289367429341 1 0.38653768506056524 1
3 0.06909152086137281 1 0.06909152086137281 0.8683953900709219 0.024999999999999998 0.8683953900709219 0.024999999999999998 1 0.06909152086137281 1
3 0.17179340511440108 1 0.17179340511440108 0.8684042553191489 0.10228465679676986 0.8684042553191489 0.10228465679676986 1 0.17179340511440108 1
3 1 0.8690780141843972 0.9612617765814266 0.8690780141843972 0.9612617765814266 1 1 1 1 0.8690780141843972
1 0.9811574697173621 0.5904255319148937 0.9582772543741588 0.5478723404255319 0.9542395693135935 0.5478723404255319 0.9528936742934051 0.5567375886524822 0.9528936742934051 0.7127659574468085 0.971736204576043 0.7163120567375887 0.9771197846567967 0.7039007092198581 0.9730820995962315 0.6914893617021277 0.9730820995962315 0.6684397163120568 0.9946164199192463 0.6648936170212766 0.9986541049798116 0.6453900709219859 0.9959623149394348 0.6312056737588653 0.9872139973082099 0.6170212765957447 0.9811574697173621 0.5904255319148937