1 0.005363528009535161 0.32554517133956384 0.0011918951132300357 0.3302180685358255 0.0005959475566150178 0.602803738317757 0.004171632896305125 0.6214953271028038 0.11203814064362336 0.6137071651090342 0.11442193087008343 0.5903426791277259 0.11442193087008343 0.4781931464174455 0.11203814064362336 0.4719626168224299 0.09916567342073898 0.4719626168224299 0.09415971394517282 0.4510903426791278 0.09237187127532777 0.32710280373831774 0.005363528009535161 0.32554517133956384
1 0.7306317044100119 0.470404984423676 0.7288438617401669 0.48130841121495327 0.731227651966627 0.5015576323987538 0.7288438617401669 0.543613707165109 0.731227651966627 0.5482866043613707 0.7294398092967819 0.6059190031152648 0.7348033373063171 0.616822429906542 0.7532777115613826 0.6230529595015576 0.8420738974970202 0.6152647975077882 0.8736591179976162 0.6152647975077882 0.8825983313468415 0.6199376947040498 0.8939213349225268 0.616822429906542 0.899284862932062 0.6043613707165109 0.8963051251489869 0.5903426791277259 0.8986889153754469 0.573208722741433 0.8927294398092968 0.557632398753894 0.8921334922526818 0.5467289719626168 0.8939213349225268 0.5311526479750779 0.899880810488677 0.5280373831775701 0.9028605482717521 0.5202492211838006 0.9052443384982122 0.5280373831775701 0.9052443384982122 0.5218068535825545 0.8897497020262217 0.48753894080996885 0.8849821215733016 0.48598130841121495 0.8843861740166865 0.4766355140186916 0.8778307508939214 0.470404984423676 0.8784266984505363 0.46417445482866043 0.8730631704410012 0.45638629283489096 0.8718712753277712 0.43769470404984423 0.8778307508939214 0.397196261682243 0.8933253873659118 0.3909657320872274 0.8933253873659118 0.38317757009345793 0.8986889153754469 0.37694704049844235 0.8957091775923719 0.3707165109034268 0.8933253873659118 0.35046728971962615 0.899284862932062 0.3302180685358255 0.900476758045292 0.3115264797507788 0.9046483909415971 0.29750778816199375 0.9147794994040525 0.2803738317757009 0.9129916567342073 0.2601246105919003 0.9147794994040525 0.22897196261682243 0.9135876042908224 0.11214953271028037 0.9141835518474374 0.028037383177570093 0.9159713945172825 0.02336448598130841 0.9153754469606674 0.012461059190031152 0.9100119189511323 0.004672897196261682 0.3367103694874851 0.003115264797507788 0.32479141835518477 0.009345794392523364 0.31644815256257447 0.004672897196261682 0.300953516090584 0.009345794392523364 0.09952324195470799 0.004672897196261682 0.09654350417163289 0.012461059190031152 0.09594755661501787 0.03426791277258567 0.09654350417163289 0.3177570093457944 0.09475566150178784 0.42990654205607476 0.09654350417163289 0.43769470404984423 0.09535160905840286 0.4454828660436137 0.09892729439809297 0.45950155763239875 0.7109654350417163 0.45794392523364486 0.7240762812872468 0.4501557632398754 0.7294398092967819 0.4532710280373832 0.7288438617401669 0.4657320872274143 0.7306317044100119 0.470404984423676
3 0.14181168057210966 0.6272507788161994 0.20270560190703218 0.6272507788161994 0.20270560190703218 0.4836214953271028 0.14181168057210966 0.4836214953271028 0.14181168057210966 0.6272507788161994
3 0.24015196662693683 0.6263317757009346 0.26462753277711565 0.6263317757009346 0.26462753277711565 0.4890264797507788 0.24015196662693683 0.4890264797507788 0.24015196662693683 0.6263317757009346
3 0.3363051251489869 0.623481308411215 0.3913706793802146 0.623481308411215 0.3913706793802146 0.4878894080996885 0.3363051251489869 0.4878894080996885 0.3363051251489869 0.623481308411215
3 0.42765196662693683 0.6272507788161994 0.4565673420738975 0.6272507788161994 0.4565673420738975 0.4836214953271028 0.42765196662693683 0.4836214953271028 0.42765196662693683 0.6272507788161994
3 0.5233671036948748 0.6238395638629284 0.582222884386174 0.6238395638629284 0.582222884386174 0.48267133956386293 0.5233671036948748 0.48267133956386293 0.5233671036948748 0.6238395638629284
3 0.6208283671036948 0.6301401869158879 0.6463230035756853 0.6301401869158879 0.6463230035756853 0.48674454828660435 0.6208283671036948 0.48674454828660435 0.6208283671036948 0.6301401869158879
3 0.7282479141835518 0.5031152647975078 0.7270560190703218 0.4953271028037383 0.7169249106078666 0.49221183800623053 0.7175208581644815 0.6152647975077882 0.7252681764004768 0.6199376947040498 0.7282479141835518 0.616822429906542 0.7282479141835518 0.5031152647975078
3 0.5244338498212158 0.7663551401869159 0.5262216924910608 0.956386292834891 0.5804529201430274 0.9595015576323987 0.5810488676996425 0.7601246105919003 0.531585220500596 0.7585669781931464 0.5244338498212158 0.7663551401869159
3 0.4201430274135876 0.7601246105919003 0.4195470798569726 0.9626168224299065 0.4541120381406436 0.9688473520249221 0.4547079856972586 0.7632398753894081 0.45232419547079855 0.7570093457943925 0.4201430274135876 0.7601246105919003
3 0.3909415971394517 0.9688473520249221 0.3915375446960667 0.7616822429906542 0.33432657926102505 0.7616822429906542 0.33492252681764006 0.9657320872274143 0.3909415971394517 0.9688473520249221
3 0.6460071513706794 0.7679127725856698 0.6424314660309892 0.7585669781931464 0.6102502979737783 0.7616822429906542 0.6096543504171633 0.9641744548286605 0.6203814064362336 0.9704049844236761 0.6454112038140644 0.9657320872274143 0.6460071513706794 0.7679127725856698
3 0.7139451728247914 0.7632398753894081 0.7151370679380215 0.9657320872274143 0.7401668653158522 0.9657320872274143 0.7407628128724673 0.7601246105919003 0.7163289630512515 0.7570093457943925 0.7139451728247914 0.7632398753894081
3 0.26460071513706795 0.9657320872274143 0.26460071513706795 0.7601246105919003 0.22943980929678187 0.7616822429906542 0.2300357568533969 0.9657320872274143 0.26460071513706795 0.9657320872274143
3 0.20083432657926104 0.7601246105919003 0.17044100119189512 0.7570093457943925 0.14481525625744934 0.7632398753894081 0.14541120381406436 0.9548286604361371 0.199642431466031 0.9579439252336449 0.20202622169249107 0.9143302180685359 0.20083432657926104 0.7601246105919003
3 0.05899880810488677 0.7710280373831776 0.06138259833134684 0.9626168224299065 0.06853396901072706 0.9704049844236761 0.08820023837902265 0.9688473520249221 0.08879618593563766 0.7694704049844237 0.05899880810488677 0.7710280373831776
3 0.9839094159713945 0.7725856697819314 0.9570917759237187 0.7570093457943925 0.9469606674612634 0.7616822429906542 0.9463647199046484 0.956386292834891 0.9815256257449344 0.9688473520249221 0.9839094159713945 0.9548286604361371 0.9839094159713945 0.7725856697819314
3 0.866507747318236 0.9579439252336449 0.865911799761621 0.7570093457943925 0.7783075089392133 0.7616822429906542 0.7771156138259833 0.8862928348909658 0.7794994040524433 0.9610591900311527 0.8474374255065554 0.9704049844236761 0.866507747318236 0.9579439252336449
0 0.7275959475566149 0.6275700934579439 0.7271221692491061 0.4725046728971963 0.11610548271752086 0.4700404984423676 0.11478426698450536 0.6156760124610592 0.01924016686531585 0.6200373831775702 0.01924016686531585 0.8266806853582556 0.02912812872467223 0.8245280373831776 0.04972824791418355 0.8482071651090343 0.048246126340881997 0.9572367601246107 0.9976823599523242 0.9601931464174455 0.999668653158522 0.8338520249221183 0.9811281287246723 0.8286604361370716 0.9864255065554232 0.776739875389408 0.9586150178784267 0.7542398753894081 0.9831150178784267 0.6711666666666667 0.8962574493444577 0.6701915887850467 0.8962574493444577 0.6248473520249221 0.7275959475566149 0.6275700934579439