0 1 0.7304429311926606 0.9710144927536232 0.6834862385321101 0.8250517598343685 0.47706422018348627 0.8209109730848861 0.463302752293578 0.6997929606625258 0.290519877675841 0.6811594202898551 0.25535168195718655 0.5703933747412008 0.09021406727828746 0.5393374741200828 0.053516819571865444 0.5113871635610766 0.010703363914373088 0.4989648033126294 0.0015290519877675841 0.3302277432712215 0.2400611620795107 0.3053830227743271 0.28593272171253825 0.18840579710144928 0.4541284403669725 0.15942028985507245 0.5030581039755352 0.08695652173913043 0.6100917431192661 0.07349896480331262 0.6223241590214067 0 0.736835490825688 0 1 0.9464655424430641 1 0.9503105590062112 0.9801223241590215 0.94824016563147 0.9097859327217125 0.9554865424430642 0.9036697247706422 0.9679089026915114 0.908256880733945 0.9906832298136646 0.9051987767584098 1 0.9210244648318043 1 0.7304429311926606
3 0.7204968944099379 0.6100917431192661 0.7204968944099379 0.8226299694189603 0.8302277432712215 0.8226299694189603 0.8291925465838509 0.6223241590214067 0.8219461697722568 0.6116207951070336 0.7204968944099379 0.6100917431192661
3 0.6480331262939959 0.37003058103975534 0.6438923395445134 0.3440366972477064 0.5434782608695652 0.3425076452599388 0.5372670807453416 0.3486238532110092 0.5403726708074534 0.5565749235474006 0.6428571428571429 0.5565749235474006 0.6480331262939959 0.5489296636085627 0.6480331262939959 0.37003058103975534
3 0.35610766045548653 0.5565749235474006 0.45134575569358176 0.5565749235474006 0.463768115942029 0.5489296636085627 0.46273291925465837 0.3470948012232416 0.35507246376811596 0.345565749235474 0.35610766045548653 0.5565749235474006
3 0.6438923395445134 0.6131498470948012 0.6107660455486542 0.6100917431192661 0.5372670807453416 0.6146788990825688 0.5393374741200828 0.8211009174311926 0.6459627329192547 0.8211009174311926 0.6469979296066253 0.6207951070336392 0.6438923395445134 0.6131498470948012
3 0.9464567577639752 1 0.9472049689440993 0.8883792048929664 0.9089026915113871 0.8914373088685015 0.9095051418219461 1 0.9464567577639752 1
3 0.8246259937888198 1 0.8240165631469979 0.8883792048929664 0.7877846790890269 0.8914373088685015 0.788970145962733 1 0.8246259937888198 1
3 0.7109006211180124 1 0.7109006211180124 0.8795565749235474 0.6580848861283645 0.8795565749235474 0.6580848861283645 1 0.7109006211180124 1
3 0.5874482401656315 1 0.5874482401656315 0.8831804281345567 0.5370859213250518 0.8831804281345567 0.5370859213250518 1 0.5874482401656315 1
3 0.4646066252587992 1 0.4646066252587992 0.8795565749235474 0.4136335403726708 0.8795565749235474 0.4136335403726708 1 0.4646066252587992 1
3 0.3417701863354037 1 0.3417701863354037 0.8849847094801223 0.29448240165631473 0.8849847094801223 0.29448240165631473 1 0.3417701863354037 1
3 0.4670703933747412 0.6073853211009175 0.3516045548654244 0.6073853211009175 0.3516045548654244 0.8246636085626912 0.4670703933747412 0.8246636085626912 0.4670703933747412 0.6073853211009175
3 0.28527432712215317 0.6055733944954129 0.16673395445134576 0.6055733944954129 0.16673395445134576 0.8264755351681957 0.28527432712215317 0.8264755351681957 0.28527432712215317 0.6055733944954129
3 0.2195496894409938 1 0.2195496894409938 0.8822706422018348 0.16734472049689442 0.8822706422018348 0.16734472049689442 1 0.2195496894409938 1
3 0.09548654244306418 1 0.09548654244306418 0.8840825688073395 0.04942028985507246 0.8840825688073395 0.04942028985507246 1 0.09548654244306418 1