0 0.0319634703196347 0.7165991902834008 0.0319634703196347 0.7327935222672065 0.043835616438356165 0.7354925775978407 0.047488584474885846 0.747638326585695 0.0547945205479452 0.7543859649122807 0.048401826484018265 0.7638326585695007 0.052054794520547946 0.7678812415654521 0.038356164383561646 0.7840755735492577 0.039269406392694065 0.7935222672064778 0.047488584474885846 0.8016194331983806 0.052968036529680365 0.8164642375168691 0.052968036529680365 0.8407557354925776 0.06027397260273973 0.8515519568151148 0.062100456621004566 0.8360323886639676 0.07123287671232877 0.8205128205128205 0.091324200913242 0.8232118758434548 0.10228310502283106 0.8191632928475033 0.108675799086758 0.8245614035087719 0.10684931506849316 0.8866396761133604 0.11232876712328767 0.9149797570850202 0.11050228310502283 0.9352226720647774 0.11598173515981736 0.9338731443994602 0.1187214611872146 0.9271255060728745 0.12694063926940638 0.9365721997300944 0.13515981735159818 0.9379217273954116 0.14063926940639268 0.9460188933873145 0.13789954337899543 0.9541160593792173 0.13972602739726028 0.9662618083670715 0.15159817351598173 0.9689608636977058 0.15707762557077626 0.9757085020242915 0.217351598173516 0.9743589743589743 0.2310502283105023 0.979757085020243 0.2502283105022831 0.9757085020242915 0.30228310502283107 0.9770580296896086 0.32054794520547947 0.9689608636977058 0.34337899543378997 0.9743589743589743 0.41735159817351597 0.9770580296896086 0.46757990867579907 0.9676113360323887 0.5844748858447488 0.9676113360323887 0.628310502283105 0.9770580296896086 0.7251141552511415 0.97165991902834 0.7388127853881279 0.9784075573549258 0.7917808219178082 0.9757085020242915 0.8054794520547945 0.9811066126855601 0.8200913242009132 0.9770580296896086 0.8730593607305936 0.9784075573549258 0.8958904109589041 0.9689608636977058 0.954337899543379 0.9784075573549258 0.954337899543379 0.9608636977058029 0.9579908675799087 0.9500674763832658 0.9570776255707762 0.805668016194332 0.9680365296803652 0.7948717948717948 0.9662100456621004 0.7597840755735492 0.9844748858447488 0.747638326585695 0.9863013698630136 0.738191632928475 0.9808219178082191 0.7206477732793523 0.9689497716894977 0.7071524966261808 0.9662100456621004 0.6977058029689609 0.9470319634703196 0.6747638326585695 0.8803652968036529 0.5708502024291497 0.8684931506849315 0.5600539811066126 0.8045662100456621 0.46558704453441296 0.7789954337899543 0.4224021592442645 0.6757990867579908 0.2739541160593792 0.6538812785388128 0.23346828609986506 0.5050228310502283 0.022941970310391364 0.4940639269406393 0.0310391363022942 0.4694063926940639 0.06882591093117409 0.4420091324200913 0.10121457489878542 0.34429223744292237 0.24696356275303644 0.3278538812785388 0.27800269905533065 0.22100456621004566 0.43049932523616735 0.217351598173516 0.4426450742240216 0.08858447488584476 0.6248313090418354
3 0.2136986301369863 0.5708502024291497 0.21278538812785389 0.747638326585695 0.3095890410958904 0.747638326585695 0.3095890410958904 0.5600539811066126 0.22009132420091324 0.5614035087719298
3 0.3735159817351598 0.3481781376518219 0.3735159817351598 0.5060728744939271 0.3780821917808219 0.5128205128205128 0.4684931506849315 0.5128205128205128 0.4712328767123288 0.3292847503373819 0.4657534246575342 0.32388663967611336 0.3771689497716895 0.3252361673414305
3 0.536986301369863 0.32793522267206476 0.5360730593607306 0.5060728744939271 0.5470319634703197 0.5128205128205128 0.6310502283105023 0.5128205128205128 0.6319634703196347 0.3265856950067476
3 0.3744292237442922 0.5695006747638327 0.37534246575342467 0.7462887989203779 0.4694063926940639 0.7462887989203779 0.4712328767123288 0.5641025641025641 0.4063926940639269 0.5600539811066126 0.3771689497716895 0.562753036437247
3 0.1095890410958904 0.805668016194332 0.11050228310502283 0.941970310391363 0.12694063926940638 0.9730094466936572 0.14246575342465753 0.9730094466936572 0.14337899543378996 0.8083670715249662
3 0.2182648401826484 0.805668016194332 0.217351598173516 0.9730094466936572 0.24840182648401826 0.9757085020242915 0.2502283105022831 0.8083670715249662
3 0.3180547945205479 0.7978812415654521 0.364648401826484 0.7978812415654521 0.364648401826484 0.9744264507422401 0.3180547945205479 0.9744264507422401
3 0.4269634703196347 0.8010796221322537 0.471392694063927 0.8010796221322537 0.471392694063927 0.9752226720647773 0.4269634703196347 0.9752226720647773
3 0.5353333333333333 0.7978812415654521 0.5803013698630136 0.7978812415654521 0.5803013698630136 0.9672199730094467 0.5353333333333333 0.9672199730094467
3 0.6436986301369864 0.802672064777328 0.6854155251141554 0.802672064777328 0.6854155251141554 0.9752226720647773 0.6436986301369864 0.9752226720647773
3 0.5331598173515982 0.5576653171390012 0.6350228310502283 0.5576653171390012 0.6350228310502283 0.7494331983805667 0.5331598173515982 0.7494331983805667
3 0.6935388127853881 0.5560661268556005 0.7981141552511415 0.5560661268556005 0.7981141552511415 0.7510323886639676 0.6935388127853881 0.7510323886639676
3 0.7515205479452054 0.80027665317139 0.7975753424657535 0.80027665317139 0.7975753424657535 0.976025641025641 0.7515205479452054 0.976025641025641
3 0.8609680365296803 0.8018758434547909 0.9016073059360731 0.8018758434547909 0.9016073059360731 0.9768286099865047 0.8609680365296803 0.9768286099865047